(kicad_pcb (version 20171130) (host pcbnew "(5.0.0)")

  (general
    (thickness 1.6)
    (drawings 40)
    (tracks 2995)
    (zones 0)
    (modules 338)
    (nets 251)
  )

  (page A4)
  (layers
    (0 F.Cu signal)
    (31 B.Cu signal)
    (32 B.Adhes user)
    (33 F.Adhes user)
    (34 B.Paste user)
    (35 F.Paste user)
    (36 B.SilkS user)
    (37 F.SilkS user)
    (38 B.Mask user)
    (39 F.Mask user)
    (40 Dwgs.User user)
    (41 Cmts.User user)
    (42 Eco1.User user)
    (43 Eco2.User user)
    (44 Edge.Cuts user)
    (45 Margin user)
    (46 B.CrtYd user)
    (47 F.CrtYd user)
    (48 B.Fab user)
    (49 F.Fab user)
  )

  (setup
    (last_trace_width 0.25)
    (user_trace_width 0.25)
    (user_trace_width 1.7)
    (user_trace_width 2.1)
    (trace_clearance 0.2)
    (zone_clearance 0.508)
    (zone_45_only yes)
    (trace_min 0.2)
    (segment_width 0.2)
    (edge_width 0.15)
    (via_size 0.8)
    (via_drill 0.4)
    (via_min_size 0.4)
    (via_min_drill 0.3)
    (uvia_size 0.3)
    (uvia_drill 0.1)
    (uvias_allowed no)
    (uvia_min_size 0.2)
    (uvia_min_drill 0.1)
    (pcb_text_width 0.3)
    (pcb_text_size 1.5 1.5)
    (mod_edge_width 0.15)
    (mod_text_size 1 1)
    (mod_text_width 0.15)
    (pad_size 1.524 1.524)
    (pad_drill 0.762)
    (pad_to_mask_clearance 0.2)
    (aux_axis_origin 12.08 197.92)
    (grid_origin 167.259 179.197)
    (visible_elements 7FFFFFFF)
    (pcbplotparams
      (layerselection 0x011f0_ffffffff)
      (usegerberextensions false)
      (usegerberattributes true)
      (usegerberadvancedattributes true)
      (creategerberjobfile true)
      (excludeedgelayer true)
      (linewidth 0.100000)
      (plotframeref false)
      (viasonmask false)
      (mode 1)
      (useauxorigin false)
      (hpglpennumber 1)
      (hpglpenspeed 20)
      (hpglpendiameter 15.000000)
      (psnegative false)
      (psa4output false)
      (plotreference true)
      (plotvalue true)
      (plotinvisibletext false)
      (padsonsilk false)
      (subtractmaskfromsilk true)
      (outputformat 1)
      (mirror false)
      (drillshape 0)
      (scaleselection 1)
      (outputdirectory "d:/temp"))
  )

  (net 0 "")
  (net 1 DI6_1)
  (net 2 DI7_1)
  (net 3 DI5_1)
  (net 4 DI8_1)
  (net 5 DI1_1)
  (net 6 DI2_1)
  (net 7 DI4_1)
  (net 8 DI3_1)
  (net 9 "Net-(C701-Pad1)")
  (net 10 /AnalogInput/AnalogSensCircuit2/Adc)
  (net 11 I2C_Reset)
  (net 12 +3V3)
  (net 13 +5V)
  (net 14 "Net-(C1001-Pad1)")
  (net 15 /AnalogInput/AnalogSensCircuit8/Adc)
  (net 16 "Net-(C1301-Pad1)")
  (net 17 Sense8_DUT)
  (net 18 "Net-(C1201-Pad1)")
  (net 19 /AnalogInput/AnalogSensCircuit7/Adc)
  (net 20 Sense7_DUT)
  (net 21 /AnalogInput/AnalogSensCircuit6/Adc)
  (net 22 "Net-(C1101-Pad1)")
  (net 23 Sense6_DUT)
  (net 24 /AnalogInput/AnalogSensCircuit5/Adc)
  (net 25 DI5)
  (net 26 "Net-(C1501-Pad1)")
  (net 27 DI1)
  (net 28 DI2)
  (net 29 DI3)
  (net 30 DI4)
  (net 31 DIA_Interrupt)
  (net 32 GND)
  (net 33 /MCU/CH_Enable)
  (net 34 "Net-(D207-Pad2)")
  (net 35 "Net-(D206-Pad2)")
  (net 36 12V_PWR)
  (net 37 "Net-(D201-Pad2)")
  (net 38 ANALOG_RDY_2)
  (net 39 ANALOG_RDY_1)
  (net 40 Sense1_DUT)
  (net 41 "Net-(C601-Pad1)")
  (net 42 /AnalogInput/AnalogSensCircuit1/Adc)
  (net 43 Sense2_DUT)
  (net 44 "Net-(C801-Pad1)")
  (net 45 Sense3_DUT)
  (net 46 "Net-(Q2701-Pad1)")
  (net 47 /AnalogInput/AnalogSensCircuit3/Adc)
  (net 48 Sense4_DUT)
  (net 49 "Net-(C901-Pad1)")
  (net 50 /AnalogInput/AnalogSensCircuit4/Adc)
  (net 51 DO2)
  (net 52 "Net-(Q2601-Pad1)")
  (net 53 DO3)
  (net 54 DO4)
  (net 55 BELL_CTRL)
  (net 56 DO6)
  (net 57 DO7)
  (net 58 DI6)
  (net 59 DO8)
  (net 60 SIREN_CTRL)
  (net 61 DO5)
  (net 62 Sense5_DUT)
  (net 63 DI7)
  (net 64 DI8)
  (net 65 "Net-(Q2301-Pad1)")
  (net 66 DO1)
  (net 67 "Net-(D2401-Pad2)")
  (net 68 DI8_2)
  (net 69 DI7_2)
  (net 70 DI6_2)
  (net 71 DI5_2)
  (net 72 DI1_2)
  (net 73 DI2_2)
  (net 74 DI3_2)
  (net 75 DI4_2)
  (net 76 +12V)
  (net 77 Wiegand_D0)
  (net 78 Wiegand_D1)
  (net 79 "Net-(U301-Pad17)")
  (net 80 "Net-(U301-Pad18)")
  (net 81 "Net-(U301-Pad19)")
  (net 82 "Net-(U301-Pad20)")
  (net 83 "Net-(U301-Pad21)")
  (net 84 "Net-(U301-Pad22)")
  (net 85 /MCU/Boot_option)
  (net 86 "Net-(U301-Pad27)")
  (net 87 "Net-(U301-Pad28)")
  (net 88 "Net-(U301-Pad32)")
  (net 89 /MCU/TDX)
  (net 90 /MCU/RDX)
  (net 91 /Power/5V_PWR)
  (net 92 /Power/12V_In2)
  (net 93 /Power/3.3V_PWR)
  (net 94 /Power/12V_In1)
  (net 95 "Net-(U1401-Pad19)")
  (net 96 /Power/12V_Source)
  (net 97 "Net-(J301-Pad9)")
  (net 98 SD_DATA1)
  (net 99 SD_DATA3)
  (net 100 SD_DATA0)
  (net 101 SD_CLK)
  (net 102 SD_CMD)
  (net 103 SD_CD)
  (net 104 SD_DATA2)
  (net 105 /MCU/Factory_reset)
  (net 106 SD_SPI_CS)
  (net 107 SD_SPI_MOSI)
  (net 108 SD_SPI_CLK)
  (net 109 SD_SPI_MISO)
  (net 110 "Net-(R1402-Pad2)")
  (net 111 "Net-(R304-Pad1)")
  (net 112 I2C_SDA)
  (net 113 "Net-(D401-Pad2)")
  (net 114 SD_MODE)
  (net 115 I2C_SCL)
  (net 116 "Net-(U301-Pad11)")
  (net 117 "Net-(U301-Pad12)")
  (net 118 "Net-(U1402-Pad19)")
  (net 119 SD_ENABLE)
  (net 120 /MCU/SDCard/SD_MMC_Data2)
  (net 121 "Net-(U401-Pad13)")
  (net 122 /MCU/SDCard/SD_MMC_DATA1)
  (net 123 /Power/5V_PWR_after_switch)
  (net 124 /Power/3.3V_PWR_after_switch)
  (net 125 "Net-(U1402-Pad20)")
  (net 126 "Net-(D1601-Pad2)")
  (net 127 "Net-(D1701-Pad2)")
  (net 128 "Net-(D1501-Pad2)")
  (net 129 "Net-(D1801-Pad2)")
  (net 130 "Net-(D1901-Pad2)")
  (net 131 "Net-(D2901-Pad2)")
  (net 132 "Net-(D3001-Pad2)")
  (net 133 "Net-(D2001-Pad2)")
  (net 134 "Net-(D2801-Pad2)")
  (net 135 "Net-(D2701-Pad2)")
  (net 136 "Net-(Q2702-Pad3)")
  (net 137 "Net-(Q2401-Pad1)")
  (net 138 "Net-(D2101-Pad2)")
  (net 139 "Net-(D2201-Pad2)")
  (net 140 "Net-(Q2302-Pad3)")
  (net 141 "Net-(D2301-Pad2)")
  (net 142 "Net-(Q2402-Pad3)")
  (net 143 "Net-(D2601-Pad2)")
  (net 144 "Net-(Q2602-Pad3)")
  (net 145 DO1_PWR)
  (net 146 DO2_PWR)
  (net 147 DO3_PWR)
  (net 148 DO4_PWR)
  (net 149 DO5_PWR)
  (net 150 DO8_PWR)
  (net 151 DO7_PWR)
  (net 152 DO6_PWR)
  (net 153 "Net-(J201-Pad3)")
  (net 154 "Net-(J201-Pad4)")
  (net 155 "Net-(D3101-Pad2)")
  (net 156 "Net-(D3201-Pad2)")
  (net 157 "Net-(D3401-Pad2)")
  (net 158 "Net-(D3301-Pad2)")
  (net 159 "/DigitalIO/Internal siren/Output")
  (net 160 SIREN_PWR)
  (net 161 BELL_PWR)
  (net 162 "Net-(F3503-Pad1)")
  (net 163 "Net-(F3504-Pad1)")
  (net 164 "Net-(F3505-Pad1)")
  (net 165 "Net-(F3506-Pad1)")
  (net 166 "/DigitalIO/Bell control/Fused_power")
  (net 167 /DigitalIO/Output7/Fused_power)
  (net 168 /DigitalIO/Output2/Fused_power)
  (net 169 /DigitalIO/Output6/Fused_power)
  (net 170 /DigitalIO/Output5/Fused_power)
  (net 171 /DigitalIO/Output4/Fused_power)
  (net 172 /DigitalIO/Output1/Fused_power)
  (net 173 /DigitalIO/Output3/Fused_power)
  (net 174 /DigitalIO/Output8/Fused_power)
  (net 175 /DigitalIO/Output2/Unfused_power)
  (net 176 /DigitalIO/Output7/Unfused_power)
  (net 177 /DigitalIO/Output1/Unfused_power)
  (net 178 /DigitalIO/Output3/Unfused_power)
  (net 179 /DigitalIO/Output4/Unfused_power)
  (net 180 /DigitalIO/Output5/Unfused_power)
  (net 181 /DigitalIO/Output6/Unfused_power)
  (net 182 "/DigitalIO/Bell control/Unfused_power")
  (net 183 /DigitalIO/Output8/Unfused_power)
  (net 184 "Net-(F3501-Pad1)")
  (net 185 "Net-(F3502-Pad1)")
  (net 186 "Net-(F1501-Pad2)")
  (net 187 /DigitalIO/DigitalInput5/DI_in1)
  (net 188 /DigitalIO/DigitalInput2/DI_in1)
  (net 189 /DigitalIO/DigitalInput1/DI_in1)
  (net 190 /DigitalIO/DigitalInput4/DI_in1)
  (net 191 /DigitalIO/DigitalInput6/DI_in1)
  (net 192 /DigitalIO/DigitalInput7/DI_in1)
  (net 193 /DigitalIO/DigitalInput3/DI_in1)
  (net 194 /DigitalIO/DigitalInput8/DI_in1)
  (net 195 "Net-(Q1602-Pad3)")
  (net 196 "Net-(Q1701-Pad1)")
  (net 197 "Net-(Q1601-Pad1)")
  (net 198 "Net-(Q1702-Pad3)")
  (net 199 "Net-(Q1801-Pad1)")
  (net 200 "Net-(Q1802-Pad3)")
  (net 201 "Net-(Q1901-Pad1)")
  (net 202 "Net-(Q1902-Pad3)")
  (net 203 "Net-(Q2001-Pad1)")
  (net 204 "Net-(Q2002-Pad3)")
  (net 205 "Net-(Q2101-Pad1)")
  (net 206 "Net-(Q2102-Pad3)")
  (net 207 "Net-(Q2201-Pad1)")
  (net 208 "Net-(C3201-Pad1)")
  (net 209 "Net-(C3301-Pad1)")
  (net 210 "Net-(C3401-Pad1)")
  (net 211 "Net-(C3101-Pad1)")
  (net 212 "Net-(Q2202-Pad3)")
  (net 213 "Net-(C3001-Pad1)")
  (net 214 "Net-(C2901-Pad1)")
  (net 215 "Net-(C2801-Pad1)")
  (net 216 DI3_PWR)
  (net 217 DI2_PWR)
  (net 218 DI1_PWR)
  (net 219 "Net-(J3503-Pad8)")
  (net 220 "Net-(J3503-Pad9)")
  (net 221 DI7_PWR)
  (net 222 DI8_PWR)
  (net 223 DI4_PWR)
  (net 224 DI5_PWR)
  (net 225 DI6_PWR)
  (net 226 "Net-(F3001-Pad2)")
  (net 227 "Net-(F2901-Pad2)")
  (net 228 "Net-(F3101-Pad2)")
  (net 229 "Net-(F2801-Pad2)")
  (net 230 "Net-(F3201-Pad2)")
  (net 231 "Net-(F3401-Pad2)")
  (net 232 "Net-(F3301-Pad2)")
  (net 233 "Net-(D1401-Pad2)")
  (net 234 "Net-(R1401-Pad2)")
  (net 235 "Net-(D1402-Pad2)")
  (net 236 "Net-(R1403-Pad2)")
  (net 237 "Net-(R1404-Pad2)")
  (net 238 "Net-(D1403-Pad2)")
  (net 239 "Net-(D1405-Pad2)")
  (net 240 "Net-(R1406-Pad2)")
  (net 241 "Net-(R1407-Pad2)")
  (net 242 "Net-(D1406-Pad2)")
  (net 243 "Net-(D1404-Pad2)")
  (net 244 "Net-(R1405-Pad2)")
  (net 245 /MCU/SDCard/SD_MMC_CLK)
  (net 246 /MCU/SDCard/SD_MMC_Data3)
  (net 247 /MCU/SDCard/SD_MMC_CMD)
  (net 248 /MCU/SDCard/SD_MMC_DATA0)
  (net 249 "Net-(U401-Pad19)")
  (net 250 "Net-(U401-Pad8)")

  (net_class Default "This is the default net class."
    (clearance 0.2)
    (trace_width 0.25)
    (via_dia 0.8)
    (via_drill 0.4)
    (uvia_dia 0.3)
    (uvia_drill 0.1)
    (add_net /MCU/SDCard/SD_MMC_CLK)
    (add_net /MCU/SDCard/SD_MMC_CMD)
    (add_net /MCU/SDCard/SD_MMC_DATA0)
    (add_net /MCU/SDCard/SD_MMC_Data3)
    (add_net GND)
    (add_net "Net-(C1001-Pad1)")
    (add_net "Net-(C1101-Pad1)")
    (add_net "Net-(C1201-Pad1)")
    (add_net "Net-(C1301-Pad1)")
    (add_net "Net-(C1501-Pad1)")
    (add_net "Net-(C2801-Pad1)")
    (add_net "Net-(C2901-Pad1)")
    (add_net "Net-(C3001-Pad1)")
    (add_net "Net-(C3101-Pad1)")
    (add_net "Net-(C3201-Pad1)")
    (add_net "Net-(C3301-Pad1)")
    (add_net "Net-(C3401-Pad1)")
    (add_net "Net-(C601-Pad1)")
    (add_net "Net-(C701-Pad1)")
    (add_net "Net-(C801-Pad1)")
    (add_net "Net-(C901-Pad1)")
    (add_net "Net-(D1401-Pad2)")
    (add_net "Net-(D1402-Pad2)")
    (add_net "Net-(D1403-Pad2)")
    (add_net "Net-(D1404-Pad2)")
    (add_net "Net-(D1405-Pad2)")
    (add_net "Net-(D1406-Pad2)")
    (add_net "Net-(D1501-Pad2)")
    (add_net "Net-(D1601-Pad2)")
    (add_net "Net-(D1701-Pad2)")
    (add_net "Net-(D1801-Pad2)")
    (add_net "Net-(D1901-Pad2)")
    (add_net "Net-(D2001-Pad2)")
    (add_net "Net-(D201-Pad2)")
    (add_net "Net-(D206-Pad2)")
    (add_net "Net-(D207-Pad2)")
    (add_net "Net-(D2101-Pad2)")
    (add_net "Net-(D2201-Pad2)")
    (add_net "Net-(D2301-Pad2)")
    (add_net "Net-(D2401-Pad2)")
    (add_net "Net-(D2601-Pad2)")
    (add_net "Net-(D2701-Pad2)")
    (add_net "Net-(D2801-Pad2)")
    (add_net "Net-(D2901-Pad2)")
    (add_net "Net-(D3001-Pad2)")
    (add_net "Net-(D3101-Pad2)")
    (add_net "Net-(D3201-Pad2)")
    (add_net "Net-(D3301-Pad2)")
    (add_net "Net-(D3401-Pad2)")
    (add_net "Net-(D401-Pad2)")
    (add_net "Net-(F1501-Pad2)")
    (add_net "Net-(F2801-Pad2)")
    (add_net "Net-(F2901-Pad2)")
    (add_net "Net-(F3001-Pad2)")
    (add_net "Net-(F3101-Pad2)")
    (add_net "Net-(F3201-Pad2)")
    (add_net "Net-(F3301-Pad2)")
    (add_net "Net-(F3401-Pad2)")
    (add_net "Net-(F3501-Pad1)")
    (add_net "Net-(F3502-Pad1)")
    (add_net "Net-(F3503-Pad1)")
    (add_net "Net-(F3504-Pad1)")
    (add_net "Net-(F3505-Pad1)")
    (add_net "Net-(F3506-Pad1)")
    (add_net "Net-(J201-Pad3)")
    (add_net "Net-(J201-Pad4)")
    (add_net "Net-(J301-Pad9)")
    (add_net "Net-(J3503-Pad8)")
    (add_net "Net-(J3503-Pad9)")
    (add_net "Net-(Q1601-Pad1)")
    (add_net "Net-(Q1602-Pad3)")
    (add_net "Net-(Q1701-Pad1)")
    (add_net "Net-(Q1702-Pad3)")
    (add_net "Net-(Q1801-Pad1)")
    (add_net "Net-(Q1802-Pad3)")
    (add_net "Net-(Q1901-Pad1)")
    (add_net "Net-(Q1902-Pad3)")
    (add_net "Net-(Q2001-Pad1)")
    (add_net "Net-(Q2002-Pad3)")
    (add_net "Net-(Q2101-Pad1)")
    (add_net "Net-(Q2102-Pad3)")
    (add_net "Net-(Q2201-Pad1)")
    (add_net "Net-(Q2202-Pad3)")
    (add_net "Net-(Q2301-Pad1)")
    (add_net "Net-(Q2302-Pad3)")
    (add_net "Net-(Q2401-Pad1)")
    (add_net "Net-(Q2402-Pad3)")
    (add_net "Net-(Q2601-Pad1)")
    (add_net "Net-(Q2602-Pad3)")
    (add_net "Net-(Q2701-Pad1)")
    (add_net "Net-(Q2702-Pad3)")
    (add_net "Net-(R1401-Pad2)")
    (add_net "Net-(R1402-Pad2)")
    (add_net "Net-(R1403-Pad2)")
    (add_net "Net-(R1404-Pad2)")
    (add_net "Net-(R1405-Pad2)")
    (add_net "Net-(R1406-Pad2)")
    (add_net "Net-(R1407-Pad2)")
    (add_net "Net-(R304-Pad1)")
    (add_net "Net-(U1401-Pad19)")
    (add_net "Net-(U1402-Pad19)")
    (add_net "Net-(U1402-Pad20)")
    (add_net "Net-(U301-Pad11)")
    (add_net "Net-(U301-Pad12)")
    (add_net "Net-(U301-Pad17)")
    (add_net "Net-(U301-Pad18)")
    (add_net "Net-(U301-Pad19)")
    (add_net "Net-(U301-Pad20)")
    (add_net "Net-(U301-Pad21)")
    (add_net "Net-(U301-Pad22)")
    (add_net "Net-(U301-Pad27)")
    (add_net "Net-(U301-Pad28)")
    (add_net "Net-(U301-Pad32)")
    (add_net "Net-(U401-Pad13)")
    (add_net "Net-(U401-Pad19)")
    (add_net "Net-(U401-Pad8)")
  )

  (net_class 12V-Supply ""
    (clearance 0.2)
    (trace_width 2.1)
    (via_dia 0.8)
    (via_drill 0.4)
    (uvia_dia 0.3)
    (uvia_drill 0.1)
    (add_net +12V)
    (add_net /Power/12V_In1)
    (add_net /Power/12V_In2)
    (add_net /Power/12V_Source)
    (add_net 12V_PWR)
    (add_net BELL_PWR)
    (add_net DI1_PWR)
    (add_net DI2_PWR)
    (add_net DI3_PWR)
    (add_net DI4_PWR)
    (add_net DI5_PWR)
    (add_net DI6_PWR)
    (add_net DI7_PWR)
    (add_net DI8_PWR)
    (add_net DO1_PWR)
    (add_net DO2_PWR)
    (add_net DO3_PWR)
    (add_net DO4_PWR)
    (add_net DO5_PWR)
    (add_net DO6_PWR)
    (add_net DO7_PWR)
    (add_net DO8_PWR)
    (add_net SIREN_PWR)
  )

  (net_class 3.3V-Rail ""
    (clearance 0.2)
    (trace_width 1.7)
    (via_dia 0.8)
    (via_drill 0.4)
    (uvia_dia 0.3)
    (uvia_drill 0.1)
    (add_net +3V3)
    (add_net /Power/3.3V_PWR)
    (add_net /Power/3.3V_PWR_after_switch)
  )

  (net_class 5.5V-Rail ""
    (clearance 0.2)
    (trace_width 1.7)
    (via_dia 0.8)
    (via_drill 0.4)
    (uvia_dia 0.3)
    (uvia_drill 0.1)
    (add_net +5V)
    (add_net /Power/5V_PWR)
    (add_net /Power/5V_PWR_after_switch)
  )

  (net_class AnalogInput ""
    (clearance 0.2)
    (trace_width 0.25)
    (via_dia 0.8)
    (via_drill 0.4)
    (uvia_dia 0.3)
    (uvia_drill 0.1)
    (add_net Sense1_DUT)
    (add_net Sense2_DUT)
    (add_net Sense3_DUT)
    (add_net Sense4_DUT)
    (add_net Sense5_DUT)
    (add_net Sense6_DUT)
    (add_net Sense7_DUT)
    (add_net Sense8_DUT)
  )

  (net_class DigitalInput ""
    (clearance 0.2)
    (trace_width 1.7)
    (via_dia 0.8)
    (via_drill 0.4)
    (uvia_dia 0.3)
    (uvia_drill 0.1)
    (add_net /DigitalIO/DigitalInput1/DI_in1)
    (add_net /DigitalIO/DigitalInput2/DI_in1)
    (add_net /DigitalIO/DigitalInput3/DI_in1)
    (add_net /DigitalIO/DigitalInput4/DI_in1)
    (add_net /DigitalIO/DigitalInput5/DI_in1)
    (add_net /DigitalIO/DigitalInput6/DI_in1)
    (add_net /DigitalIO/DigitalInput7/DI_in1)
    (add_net /DigitalIO/DigitalInput8/DI_in1)
    (add_net DI1_1)
    (add_net DI1_2)
    (add_net DI2_1)
    (add_net DI2_2)
    (add_net DI3_1)
    (add_net DI3_2)
    (add_net DI4_1)
    (add_net DI4_2)
    (add_net DI5_1)
    (add_net DI5_2)
    (add_net DI6_1)
    (add_net DI6_2)
    (add_net DI7_1)
    (add_net DI7_2)
    (add_net DI8_1)
    (add_net DI8_2)
  )

  (net_class DigitalOutput ""
    (clearance 0.2)
    (trace_width 1.7)
    (via_dia 0.8)
    (via_drill 0.4)
    (uvia_dia 0.3)
    (uvia_drill 0.1)
    (add_net "/DigitalIO/Bell control/Fused_power")
    (add_net "/DigitalIO/Bell control/Unfused_power")
    (add_net "/DigitalIO/Internal siren/Output")
    (add_net /DigitalIO/Output1/Fused_power)
    (add_net /DigitalIO/Output1/Unfused_power)
    (add_net /DigitalIO/Output2/Fused_power)
    (add_net /DigitalIO/Output2/Unfused_power)
    (add_net /DigitalIO/Output3/Fused_power)
    (add_net /DigitalIO/Output3/Unfused_power)
    (add_net /DigitalIO/Output4/Fused_power)
    (add_net /DigitalIO/Output4/Unfused_power)
    (add_net /DigitalIO/Output5/Fused_power)
    (add_net /DigitalIO/Output5/Unfused_power)
    (add_net /DigitalIO/Output6/Fused_power)
    (add_net /DigitalIO/Output6/Unfused_power)
    (add_net /DigitalIO/Output7/Fused_power)
    (add_net /DigitalIO/Output7/Unfused_power)
    (add_net /DigitalIO/Output8/Fused_power)
    (add_net /DigitalIO/Output8/Unfused_power)
  )

  (net_class Singals ""
    (clearance 0.2)
    (trace_width 0.25)
    (via_dia 0.8)
    (via_drill 0.4)
    (uvia_dia 0.3)
    (uvia_drill 0.1)
    (add_net /AnalogInput/AnalogSensCircuit1/Adc)
    (add_net /AnalogInput/AnalogSensCircuit2/Adc)
    (add_net /AnalogInput/AnalogSensCircuit3/Adc)
    (add_net /AnalogInput/AnalogSensCircuit4/Adc)
    (add_net /AnalogInput/AnalogSensCircuit5/Adc)
    (add_net /AnalogInput/AnalogSensCircuit6/Adc)
    (add_net /AnalogInput/AnalogSensCircuit7/Adc)
    (add_net /AnalogInput/AnalogSensCircuit8/Adc)
    (add_net /MCU/Boot_option)
    (add_net /MCU/CH_Enable)
    (add_net /MCU/Factory_reset)
    (add_net /MCU/RDX)
    (add_net /MCU/SDCard/SD_MMC_DATA1)
    (add_net /MCU/SDCard/SD_MMC_Data2)
    (add_net /MCU/TDX)
    (add_net ANALOG_RDY_1)
    (add_net ANALOG_RDY_2)
    (add_net BELL_CTRL)
    (add_net DI1)
    (add_net DI2)
    (add_net DI3)
    (add_net DI4)
    (add_net DI5)
    (add_net DI6)
    (add_net DI7)
    (add_net DI8)
    (add_net DIA_Interrupt)
    (add_net DO1)
    (add_net DO2)
    (add_net DO3)
    (add_net DO4)
    (add_net DO5)
    (add_net DO6)
    (add_net DO7)
    (add_net DO8)
    (add_net I2C_Reset)
    (add_net I2C_SCL)
    (add_net I2C_SDA)
    (add_net SD_CD)
    (add_net SD_CLK)
    (add_net SD_CMD)
    (add_net SD_DATA0)
    (add_net SD_DATA1)
    (add_net SD_DATA2)
    (add_net SD_DATA3)
    (add_net SD_ENABLE)
    (add_net SD_MODE)
    (add_net SD_SPI_CLK)
    (add_net SD_SPI_CS)
    (add_net SD_SPI_MISO)
    (add_net SD_SPI_MOSI)
    (add_net SIREN_CTRL)
    (add_net Wiegand_D0)
    (add_net Wiegand_D1)
  )

  (module MountingHole:MountingHole_4.3mm_M4 (layer F.Cu) (tedit 56D1B4CB) (tstamp 5BBB1B89)
    (at 28.575 -9.271)
    (descr "Mounting Hole 4.3mm, no annular, M4")
    (tags "mounting hole 4.3mm no annular m4")
    (attr virtual)
    (fp_text reference REF** (at 0 -5.3) (layer F.SilkS)
      (effects (font (size 1 1) (thickness 0.15)))
    )
    (fp_text value MountingHole_4.3mm_M4 (at 0 5.3) (layer F.Fab)
      (effects (font (size 1 1) (thickness 0.15)))
    )
    (fp_text user %R (at 0.3 0) (layer F.Fab)
      (effects (font (size 1 1) (thickness 0.15)))
    )
    (fp_circle (center 0 0) (end 4.3 0) (layer Cmts.User) (width 0.15))
    (fp_circle (center 0 0) (end 4.55 0) (layer F.CrtYd) (width 0.05))
    (pad 1 np_thru_hole circle (at 0 0) (size 4.3 4.3) (drill 4.3) (layers *.Cu *.Mask))
  )

  (module MountingHole:MountingHole_4.3mm_M4 (layer F.Cu) (tedit 56D1B4CB) (tstamp 5BBB1B3A)
    (at 208.407 152.781)
    (descr "Mounting Hole 4.3mm, no annular, M4")
    (tags "mounting hole 4.3mm no annular m4")
    (attr virtual)
    (fp_text reference REF** (at 0 -5.3) (layer F.SilkS)
      (effects (font (size 1 1) (thickness 0.15)))
    )
    (fp_text value MountingHole_4.3mm_M4 (at 0 5.3) (layer F.Fab)
      (effects (font (size 1 1) (thickness 0.15)))
    )
    (fp_circle (center 0 0) (end 4.55 0) (layer F.CrtYd) (width 0.05))
    (fp_circle (center 0 0) (end 4.3 0) (layer Cmts.User) (width 0.15))
    (fp_text user %R (at 0.3 0) (layer F.Fab)
      (effects (font (size 1 1) (thickness 0.15)))
    )
    (pad 1 np_thru_hole circle (at 0 0) (size 4.3 4.3) (drill 4.3) (layers *.Cu *.Mask))
  )

  (module MountingHole:MountingHole_4.3mm_M4 (layer F.Cu) (tedit 56D1B4CB) (tstamp 5BBB1B24)
    (at 208.28 -9.271)
    (descr "Mounting Hole 4.3mm, no annular, M4")
    (tags "mounting hole 4.3mm no annular m4")
    (attr virtual)
    (fp_text reference REF** (at 0 -5.3) (layer F.SilkS)
      (effects (font (size 1 1) (thickness 0.15)))
    )
    (fp_text value MountingHole_4.3mm_M4 (at 0 5.3) (layer F.Fab)
      (effects (font (size 1 1) (thickness 0.15)))
    )
    (fp_text user %R (at 0.3 0) (layer F.Fab)
      (effects (font (size 1 1) (thickness 0.15)))
    )
    (fp_circle (center 0 0) (end 4.3 0) (layer Cmts.User) (width 0.15))
    (fp_circle (center 0 0) (end 4.55 0) (layer F.CrtYd) (width 0.05))
    (pad 1 np_thru_hole circle (at 0 0) (size 4.3 4.3) (drill 4.3) (layers *.Cu *.Mask))
  )

  (module LED_THT:LED_D5.0mm_Clear (layer F.Cu) (tedit 5A6C9BC0) (tstamp 5BA8E5C8)
    (at 33.051 48.654539 90)
    (descr "LED, diameter 5.0mm, 2 pins, http://cdn-reichelt.de/documents/datenblatt/A500/LL-504BC2E-009.pdf")
    (tags "LED diameter 5.0mm 2 pins")
    (path /5B62EDB8/5BA5B774)
    (fp_text reference D1402 (at 1.27 -3.96 90) (layer F.SilkS)
      (effects (font (size 1 1) (thickness 0.15)))
    )
    (fp_text value Wifi (at 1.27 3.96 90) (layer F.Fab)
      (effects (font (size 1 1) (thickness 0.15)))
    )
    (fp_arc (start 1.27 0) (end -1.29 1.54483) (angle -148.9) (layer F.SilkS) (width 0.12))
    (fp_arc (start 1.27 0) (end -1.29 -1.54483) (angle 148.9) (layer F.SilkS) (width 0.12))
    (fp_arc (start 1.27 0) (end -1.23 -1.469694) (angle 299.1) (layer F.Fab) (width 0.1))
    (fp_circle (center 1.27 0) (end 3.77 0) (layer F.SilkS) (width 0.12))
    (fp_circle (center 1.27 0) (end 3.77 0) (layer F.Fab) (width 0.1))
    (fp_line (start 4.5 -3.25) (end -1.95 -3.25) (layer F.CrtYd) (width 0.05))
    (fp_line (start 4.5 3.25) (end 4.5 -3.25) (layer F.CrtYd) (width 0.05))
    (fp_line (start -1.95 3.25) (end 4.5 3.25) (layer F.CrtYd) (width 0.05))
    (fp_line (start -1.95 -3.25) (end -1.95 3.25) (layer F.CrtYd) (width 0.05))
    (fp_line (start -1.29 -1.545) (end -1.29 1.545) (layer F.SilkS) (width 0.12))
    (fp_line (start -1.23 -1.469694) (end -1.23 1.469694) (layer F.Fab) (width 0.1))
    (fp_text user %R (at 1.25 0 90) (layer F.Fab)
      (effects (font (size 0.8 0.8) (thickness 0.2)))
    )
    (pad 2 thru_hole circle (at 2.54 0 90) (size 1.8 1.8) (drill 0.9) (layers *.Cu *.Mask)
      (net 235 "Net-(D1402-Pad2)"))
    (pad 1 thru_hole rect (at 0 0 90) (size 1.8 1.8) (drill 0.9) (layers *.Cu *.Mask)
      (net 32 GND))
    (model ${KISYS3DMOD}/LED_THT.3dshapes/LED_D5.0mm_Clear.wrl
      (at (xyz 0 0 0))
      (scale (xyz 1 1 1))
      (rotate (xyz 0 0 0))
    )
  )

  (module LED_THT:LED_D5.0mm_Clear (layer F.Cu) (tedit 5BA64329) (tstamp 5BA8E5B6)
    (at 39.599915 55.154539 90)
    (descr "LED, diameter 5.0mm, 2 pins, http://cdn-reichelt.de/documents/datenblatt/A500/LL-504BC2E-009.pdf")
    (tags "LED diameter 5.0mm 2 pins")
    (path /5B62EDB8/5BA5B3F8)
    (fp_text reference D1401 (at 1.27 -3.96 90) (layer F.SilkS)
      (effects (font (size 1 1) (thickness 0.15)))
    )
    (fp_text value Armed (at 1.27 3.96 90) (layer F.Fab)
      (effects (font (size 1 1) (thickness 0.15)))
    )
    (fp_text user %R (at 1.25 0 90) (layer F.Fab)
      (effects (font (size 0.8 0.8) (thickness 0.2)))
    )
    (fp_line (start -1.23 -1.469694) (end -1.23 1.469694) (layer F.Fab) (width 0.1))
    (fp_line (start -1.29 -1.545) (end -1.29 1.545) (layer F.SilkS) (width 0.12))
    (fp_line (start -1.95 -3.25) (end -1.95 3.25) (layer F.CrtYd) (width 0.05))
    (fp_line (start -1.95 3.25) (end 4.5 3.25) (layer F.CrtYd) (width 0.05))
    (fp_line (start 4.5 3.25) (end 4.5 -3.25) (layer F.CrtYd) (width 0.05))
    (fp_line (start 4.5 -3.25) (end -1.95 -3.25) (layer F.CrtYd) (width 0.05))
    (fp_circle (center 1.27 0) (end 3.77 0) (layer F.Fab) (width 0.1))
    (fp_circle (center 1.27 0) (end 3.77 0) (layer F.SilkS) (width 0.12))
    (fp_arc (start 1.27 0) (end -1.23 -1.469694) (angle 299.1) (layer F.Fab) (width 0.1))
    (fp_arc (start 1.27 0) (end -1.29 -1.54483) (angle 148.9) (layer F.SilkS) (width 0.12))
    (fp_arc (start 1.27 0) (end -1.29 1.54483) (angle -148.9) (layer F.SilkS) (width 0.12))
    (pad 1 thru_hole rect (at 0 0 90) (size 1.8 1.8) (drill 0.9) (layers *.Cu *.Mask)
      (net 32 GND))
    (pad 2 thru_hole circle (at 2.54 0 90) (size 1.8 1.8) (drill 0.9) (layers *.Cu *.Mask)
      (net 233 "Net-(D1401-Pad2)"))
    (model ${KISYS3DMOD}/LED_THT.3dshapes/LED_D5.0mm_Clear.wrl
      (at (xyz 0 0 0))
      (scale (xyz 1 1 1))
      (rotate (xyz 0 0 0))
    )
  )

  (module LED_THT:LED_D5.0mm_Clear (layer F.Cu) (tedit 5A6C9BC0) (tstamp 5BAA1CF8)
    (at 39.591 48.654 90)
    (descr "LED, diameter 5.0mm, 2 pins, http://cdn-reichelt.de/documents/datenblatt/A500/LL-504BC2E-009.pdf")
    (tags "LED diameter 5.0mm 2 pins")
    (path /5B62EDB8/5BA5BA0A)
    (fp_text reference D1404 (at 1.27 -3.96 90) (layer F.SilkS)
      (effects (font (size 1 1) (thickness 0.15)))
    )
    (fp_text value Red (at 1.27 3.96 90) (layer F.Fab)
      (effects (font (size 1 1) (thickness 0.15)))
    )
    (fp_arc (start 1.27 0) (end -1.29 1.54483) (angle -148.9) (layer F.SilkS) (width 0.12))
    (fp_arc (start 1.27 0) (end -1.29 -1.54483) (angle 148.9) (layer F.SilkS) (width 0.12))
    (fp_arc (start 1.27 0) (end -1.23 -1.469694) (angle 299.1) (layer F.Fab) (width 0.1))
    (fp_circle (center 1.27 0) (end 3.77 0) (layer F.SilkS) (width 0.12))
    (fp_circle (center 1.27 0) (end 3.77 0) (layer F.Fab) (width 0.1))
    (fp_line (start 4.5 -3.25) (end -1.95 -3.25) (layer F.CrtYd) (width 0.05))
    (fp_line (start 4.5 3.25) (end 4.5 -3.25) (layer F.CrtYd) (width 0.05))
    (fp_line (start -1.95 3.25) (end 4.5 3.25) (layer F.CrtYd) (width 0.05))
    (fp_line (start -1.95 -3.25) (end -1.95 3.25) (layer F.CrtYd) (width 0.05))
    (fp_line (start -1.29 -1.545) (end -1.29 1.545) (layer F.SilkS) (width 0.12))
    (fp_line (start -1.23 -1.469694) (end -1.23 1.469694) (layer F.Fab) (width 0.1))
    (fp_text user %R (at 1.25 0 90) (layer F.Fab)
      (effects (font (size 0.8 0.8) (thickness 0.2)))
    )
    (pad 2 thru_hole circle (at 2.54 0 90) (size 1.8 1.8) (drill 0.9) (layers *.Cu *.Mask)
      (net 243 "Net-(D1404-Pad2)"))
    (pad 1 thru_hole rect (at 0 0 90) (size 1.8 1.8) (drill 0.9) (layers *.Cu *.Mask)
      (net 32 GND))
    (model ${KISYS3DMOD}/LED_THT.3dshapes/LED_D5.0mm_Clear.wrl
      (at (xyz 0 0 0))
      (scale (xyz 1 1 1))
      (rotate (xyz 0 0 0))
    )
  )

  (module LED_THT:LED_D5.0mm_Clear (layer F.Cu) (tedit 5A6C9BC0) (tstamp 5BA8E52C)
    (at 33.049915 55.154539 90)
    (descr "LED, diameter 5.0mm, 2 pins, http://cdn-reichelt.de/documents/datenblatt/A500/LL-504BC2E-009.pdf")
    (tags "LED diameter 5.0mm 2 pins")
    (path /5B62EDB8/5BA5BDA3)
    (fp_text reference D1405 (at 1.27 -3.96 90) (layer F.SilkS)
      (effects (font (size 1 1) (thickness 0.15)))
    )
    (fp_text value Red (at 1.27 3.96 90) (layer F.Fab)
      (effects (font (size 1 1) (thickness 0.15)))
    )
    (fp_text user %R (at 1.25 0 90) (layer F.Fab)
      (effects (font (size 0.8 0.8) (thickness 0.2)))
    )
    (fp_line (start -1.23 -1.469694) (end -1.23 1.469694) (layer F.Fab) (width 0.1))
    (fp_line (start -1.29 -1.545) (end -1.29 1.545) (layer F.SilkS) (width 0.12))
    (fp_line (start -1.95 -3.25) (end -1.95 3.25) (layer F.CrtYd) (width 0.05))
    (fp_line (start -1.95 3.25) (end 4.5 3.25) (layer F.CrtYd) (width 0.05))
    (fp_line (start 4.5 3.25) (end 4.5 -3.25) (layer F.CrtYd) (width 0.05))
    (fp_line (start 4.5 -3.25) (end -1.95 -3.25) (layer F.CrtYd) (width 0.05))
    (fp_circle (center 1.27 0) (end 3.77 0) (layer F.Fab) (width 0.1))
    (fp_circle (center 1.27 0) (end 3.77 0) (layer F.SilkS) (width 0.12))
    (fp_arc (start 1.27 0) (end -1.23 -1.469694) (angle 299.1) (layer F.Fab) (width 0.1))
    (fp_arc (start 1.27 0) (end -1.29 -1.54483) (angle 148.9) (layer F.SilkS) (width 0.12))
    (fp_arc (start 1.27 0) (end -1.29 1.54483) (angle -148.9) (layer F.SilkS) (width 0.12))
    (pad 1 thru_hole rect (at 0 0 90) (size 1.8 1.8) (drill 0.9) (layers *.Cu *.Mask)
      (net 32 GND))
    (pad 2 thru_hole circle (at 2.54 0 90) (size 1.8 1.8) (drill 0.9) (layers *.Cu *.Mask)
      (net 239 "Net-(D1405-Pad2)"))
    (model ${KISYS3DMOD}/LED_THT.3dshapes/LED_D5.0mm_Clear.wrl
      (at (xyz 0 0 0))
      (scale (xyz 1 1 1))
      (rotate (xyz 0 0 0))
    )
  )

  (module LED_THT:LED_D5.0mm_Clear (layer F.Cu) (tedit 5A6C9BC0) (tstamp 5BA8E51A)
    (at 39.599915 61.654539 90)
    (descr "LED, diameter 5.0mm, 2 pins, http://cdn-reichelt.de/documents/datenblatt/A500/LL-504BC2E-009.pdf")
    (tags "LED diameter 5.0mm 2 pins")
    (path /5B62EDB8/5BA5D5BE)
    (fp_text reference D1406 (at 1.27 -3.96 90) (layer F.SilkS)
      (effects (font (size 1 1) (thickness 0.15)))
    )
    (fp_text value Red (at 1.27 3.96 90) (layer F.Fab)
      (effects (font (size 1 1) (thickness 0.15)))
    )
    (fp_arc (start 1.27 0) (end -1.29 1.54483) (angle -148.9) (layer F.SilkS) (width 0.12))
    (fp_arc (start 1.27 0) (end -1.29 -1.54483) (angle 148.9) (layer F.SilkS) (width 0.12))
    (fp_arc (start 1.27 0) (end -1.23 -1.469694) (angle 299.1) (layer F.Fab) (width 0.1))
    (fp_circle (center 1.27 0) (end 3.77 0) (layer F.SilkS) (width 0.12))
    (fp_circle (center 1.27 0) (end 3.77 0) (layer F.Fab) (width 0.1))
    (fp_line (start 4.5 -3.25) (end -1.95 -3.25) (layer F.CrtYd) (width 0.05))
    (fp_line (start 4.5 3.25) (end 4.5 -3.25) (layer F.CrtYd) (width 0.05))
    (fp_line (start -1.95 3.25) (end 4.5 3.25) (layer F.CrtYd) (width 0.05))
    (fp_line (start -1.95 -3.25) (end -1.95 3.25) (layer F.CrtYd) (width 0.05))
    (fp_line (start -1.29 -1.545) (end -1.29 1.545) (layer F.SilkS) (width 0.12))
    (fp_line (start -1.23 -1.469694) (end -1.23 1.469694) (layer F.Fab) (width 0.1))
    (fp_text user %R (at 1.25 0 90) (layer F.Fab)
      (effects (font (size 0.8 0.8) (thickness 0.2)))
    )
    (pad 2 thru_hole circle (at 2.54 0 90) (size 1.8 1.8) (drill 0.9) (layers *.Cu *.Mask)
      (net 242 "Net-(D1406-Pad2)"))
    (pad 1 thru_hole rect (at 0 0 90) (size 1.8 1.8) (drill 0.9) (layers *.Cu *.Mask)
      (net 32 GND))
    (model ${KISYS3DMOD}/LED_THT.3dshapes/LED_D5.0mm_Clear.wrl
      (at (xyz 0 0 0))
      (scale (xyz 1 1 1))
      (rotate (xyz 0 0 0))
    )
  )

  (module LED_THT:LED_D5.0mm_Clear (layer F.Cu) (tedit 5A6C9BC0) (tstamp 5BA8E480)
    (at 33.049915 61.654539 90)
    (descr "LED, diameter 5.0mm, 2 pins, http://cdn-reichelt.de/documents/datenblatt/A500/LL-504BC2E-009.pdf")
    (tags "LED diameter 5.0mm 2 pins")
    (path /5B62EDB8/5BA5B879)
    (fp_text reference D1403 (at 1.27 -3.96 90) (layer F.SilkS)
      (effects (font (size 1 1) (thickness 0.15)))
    )
    (fp_text value MQTT (at 1.27 3.96 90) (layer F.Fab)
      (effects (font (size 1 1) (thickness 0.15)))
    )
    (fp_text user %R (at 1.25 0 90) (layer F.Fab)
      (effects (font (size 0.8 0.8) (thickness 0.2)))
    )
    (fp_line (start -1.23 -1.469694) (end -1.23 1.469694) (layer F.Fab) (width 0.1))
    (fp_line (start -1.29 -1.545) (end -1.29 1.545) (layer F.SilkS) (width 0.12))
    (fp_line (start -1.95 -3.25) (end -1.95 3.25) (layer F.CrtYd) (width 0.05))
    (fp_line (start -1.95 3.25) (end 4.5 3.25) (layer F.CrtYd) (width 0.05))
    (fp_line (start 4.5 3.25) (end 4.5 -3.25) (layer F.CrtYd) (width 0.05))
    (fp_line (start 4.5 -3.25) (end -1.95 -3.25) (layer F.CrtYd) (width 0.05))
    (fp_circle (center 1.27 0) (end 3.77 0) (layer F.Fab) (width 0.1))
    (fp_circle (center 1.27 0) (end 3.77 0) (layer F.SilkS) (width 0.12))
    (fp_arc (start 1.27 0) (end -1.23 -1.469694) (angle 299.1) (layer F.Fab) (width 0.1))
    (fp_arc (start 1.27 0) (end -1.29 -1.54483) (angle 148.9) (layer F.SilkS) (width 0.12))
    (fp_arc (start 1.27 0) (end -1.29 1.54483) (angle -148.9) (layer F.SilkS) (width 0.12))
    (pad 1 thru_hole rect (at 0 0 90) (size 1.8 1.8) (drill 0.9) (layers *.Cu *.Mask)
      (net 32 GND))
    (pad 2 thru_hole circle (at 2.54 0 90) (size 1.8 1.8) (drill 0.9) (layers *.Cu *.Mask)
      (net 238 "Net-(D1403-Pad2)"))
    (model ${KISYS3DMOD}/LED_THT.3dshapes/LED_D5.0mm_Clear.wrl
      (at (xyz 0 0 0))
      (scale (xyz 1 1 1))
      (rotate (xyz 0 0 0))
    )
  )

  (module Resistor_SMD:R_0805_2012Metric (layer F.Cu) (tedit 5B36C52B) (tstamp 5BA8CF66)
    (at 46.841 46.014)
    (descr "Resistor SMD 0805 (2012 Metric), square (rectangular) end terminal, IPC_7351 nominal, (Body size source: https://docs.google.com/spreadsheets/d/1BsfQQcO9C6DZCsRaXUlFlo91Tg2WpOkGARC1WS5S8t0/edit?usp=sharing), generated with kicad-footprint-generator")
    (tags resistor)
    (path /5B62EDB8/5BA5BA11)
    (attr smd)
    (fp_text reference R1405 (at 0 -1.65) (layer F.SilkS)
      (effects (font (size 1 1) (thickness 0.15)))
    )
    (fp_text value 165 (at 0 1.65) (layer F.Fab)
      (effects (font (size 1 1) (thickness 0.15)))
    )
    (fp_text user %R (at 0 0) (layer F.Fab)
      (effects (font (size 0.5 0.5) (thickness 0.08)))
    )
    (fp_line (start 1.68 0.95) (end -1.68 0.95) (layer F.CrtYd) (width 0.05))
    (fp_line (start 1.68 -0.95) (end 1.68 0.95) (layer F.CrtYd) (width 0.05))
    (fp_line (start -1.68 -0.95) (end 1.68 -0.95) (layer F.CrtYd) (width 0.05))
    (fp_line (start -1.68 0.95) (end -1.68 -0.95) (layer F.CrtYd) (width 0.05))
    (fp_line (start -0.258578 0.71) (end 0.258578 0.71) (layer F.SilkS) (width 0.12))
    (fp_line (start -0.258578 -0.71) (end 0.258578 -0.71) (layer F.SilkS) (width 0.12))
    (fp_line (start 1 0.6) (end -1 0.6) (layer F.Fab) (width 0.1))
    (fp_line (start 1 -0.6) (end 1 0.6) (layer F.Fab) (width 0.1))
    (fp_line (start -1 -0.6) (end 1 -0.6) (layer F.Fab) (width 0.1))
    (fp_line (start -1 0.6) (end -1 -0.6) (layer F.Fab) (width 0.1))
    (pad 2 smd roundrect (at 0.9375 0) (size 0.975 1.4) (layers F.Cu F.Paste F.Mask) (roundrect_rratio 0.25)
      (net 244 "Net-(R1405-Pad2)"))
    (pad 1 smd roundrect (at -0.9375 0) (size 0.975 1.4) (layers F.Cu F.Paste F.Mask) (roundrect_rratio 0.25)
      (net 243 "Net-(D1404-Pad2)"))
    (model ${KISYS3DMOD}/Resistor_SMD.3dshapes/R_0805_2012Metric.wrl
      (at (xyz 0 0 0))
      (scale (xyz 1 1 1))
      (rotate (xyz 0 0 0))
    )
  )

  (module Resistor_SMD:R_0805_2012Metric (layer F.Cu) (tedit 5B36C52B) (tstamp 5BA8CBD5)
    (at 46.841 61.414)
    (descr "Resistor SMD 0805 (2012 Metric), square (rectangular) end terminal, IPC_7351 nominal, (Body size source: https://docs.google.com/spreadsheets/d/1BsfQQcO9C6DZCsRaXUlFlo91Tg2WpOkGARC1WS5S8t0/edit?usp=sharing), generated with kicad-footprint-generator")
    (tags resistor)
    (path /5B62EDB8/5BA5D5C5)
    (attr smd)
    (fp_text reference R1407 (at 0 -1.65) (layer F.SilkS)
      (effects (font (size 1 1) (thickness 0.15)))
    )
    (fp_text value 165 (at 0 1.65) (layer F.Fab)
      (effects (font (size 1 1) (thickness 0.15)))
    )
    (fp_line (start -1 0.6) (end -1 -0.6) (layer F.Fab) (width 0.1))
    (fp_line (start -1 -0.6) (end 1 -0.6) (layer F.Fab) (width 0.1))
    (fp_line (start 1 -0.6) (end 1 0.6) (layer F.Fab) (width 0.1))
    (fp_line (start 1 0.6) (end -1 0.6) (layer F.Fab) (width 0.1))
    (fp_line (start -0.258578 -0.71) (end 0.258578 -0.71) (layer F.SilkS) (width 0.12))
    (fp_line (start -0.258578 0.71) (end 0.258578 0.71) (layer F.SilkS) (width 0.12))
    (fp_line (start -1.68 0.95) (end -1.68 -0.95) (layer F.CrtYd) (width 0.05))
    (fp_line (start -1.68 -0.95) (end 1.68 -0.95) (layer F.CrtYd) (width 0.05))
    (fp_line (start 1.68 -0.95) (end 1.68 0.95) (layer F.CrtYd) (width 0.05))
    (fp_line (start 1.68 0.95) (end -1.68 0.95) (layer F.CrtYd) (width 0.05))
    (fp_text user %R (at 0 0) (layer F.Fab)
      (effects (font (size 0.5 0.5) (thickness 0.08)))
    )
    (pad 1 smd roundrect (at -0.9375 0) (size 0.975 1.4) (layers F.Cu F.Paste F.Mask) (roundrect_rratio 0.25)
      (net 242 "Net-(D1406-Pad2)"))
    (pad 2 smd roundrect (at 0.9375 0) (size 0.975 1.4) (layers F.Cu F.Paste F.Mask) (roundrect_rratio 0.25)
      (net 241 "Net-(R1407-Pad2)"))
    (model ${KISYS3DMOD}/Resistor_SMD.3dshapes/R_0805_2012Metric.wrl
      (at (xyz 0 0 0))
      (scale (xyz 1 1 1))
      (rotate (xyz 0 0 0))
    )
  )

  (module Resistor_SMD:R_0805_2012Metric (layer F.Cu) (tedit 5B36C52B) (tstamp 5BA8CBC4)
    (at 46.841 49.864)
    (descr "Resistor SMD 0805 (2012 Metric), square (rectangular) end terminal, IPC_7351 nominal, (Body size source: https://docs.google.com/spreadsheets/d/1BsfQQcO9C6DZCsRaXUlFlo91Tg2WpOkGARC1WS5S8t0/edit?usp=sharing), generated with kicad-footprint-generator")
    (tags resistor)
    (path /5B62EDB8/5BA5BDAA)
    (attr smd)
    (fp_text reference R1406 (at 0 -1.65) (layer F.SilkS)
      (effects (font (size 1 1) (thickness 0.15)))
    )
    (fp_text value 165 (at 0 1.65) (layer F.Fab)
      (effects (font (size 1 1) (thickness 0.15)))
    )
    (fp_text user %R (at 0 0) (layer F.Fab)
      (effects (font (size 0.5 0.5) (thickness 0.08)))
    )
    (fp_line (start 1.68 0.95) (end -1.68 0.95) (layer F.CrtYd) (width 0.05))
    (fp_line (start 1.68 -0.95) (end 1.68 0.95) (layer F.CrtYd) (width 0.05))
    (fp_line (start -1.68 -0.95) (end 1.68 -0.95) (layer F.CrtYd) (width 0.05))
    (fp_line (start -1.68 0.95) (end -1.68 -0.95) (layer F.CrtYd) (width 0.05))
    (fp_line (start -0.258578 0.71) (end 0.258578 0.71) (layer F.SilkS) (width 0.12))
    (fp_line (start -0.258578 -0.71) (end 0.258578 -0.71) (layer F.SilkS) (width 0.12))
    (fp_line (start 1 0.6) (end -1 0.6) (layer F.Fab) (width 0.1))
    (fp_line (start 1 -0.6) (end 1 0.6) (layer F.Fab) (width 0.1))
    (fp_line (start -1 -0.6) (end 1 -0.6) (layer F.Fab) (width 0.1))
    (fp_line (start -1 0.6) (end -1 -0.6) (layer F.Fab) (width 0.1))
    (pad 2 smd roundrect (at 0.9375 0) (size 0.975 1.4) (layers F.Cu F.Paste F.Mask) (roundrect_rratio 0.25)
      (net 240 "Net-(R1406-Pad2)"))
    (pad 1 smd roundrect (at -0.9375 0) (size 0.975 1.4) (layers F.Cu F.Paste F.Mask) (roundrect_rratio 0.25)
      (net 239 "Net-(D1405-Pad2)"))
    (model ${KISYS3DMOD}/Resistor_SMD.3dshapes/R_0805_2012Metric.wrl
      (at (xyz 0 0 0))
      (scale (xyz 1 1 1))
      (rotate (xyz 0 0 0))
    )
  )

  (module Resistor_SMD:R_0805_2012Metric (layer F.Cu) (tedit 5B36C52B) (tstamp 5BA8CB93)
    (at 46.841 57.564)
    (descr "Resistor SMD 0805 (2012 Metric), square (rectangular) end terminal, IPC_7351 nominal, (Body size source: https://docs.google.com/spreadsheets/d/1BsfQQcO9C6DZCsRaXUlFlo91Tg2WpOkGARC1WS5S8t0/edit?usp=sharing), generated with kicad-footprint-generator")
    (tags resistor)
    (path /5B62EDB8/5BA5B880)
    (attr smd)
    (fp_text reference R1404 (at 0 -1.65) (layer F.SilkS)
      (effects (font (size 1 1) (thickness 0.15)))
    )
    (fp_text value 165 (at 0 1.65) (layer F.Fab)
      (effects (font (size 1 1) (thickness 0.15)))
    )
