(kicad_pcb (version 20171130) (host pcbnew "(5.0.0-rc2-dev-296-g4594fedc2)")

  (general
    (thickness 1.6)
    (drawings 48)
    (tracks 2689)
    (zones 0)
    (modules 232)
    (nets 210)
  )

  (page A4)
  (layers
    (0 F.Cu signal)
    (31 B.Cu signal)
    (32 B.Adhes user)
    (33 F.Adhes user)
    (34 B.Paste user)
    (35 F.Paste user)
    (36 B.SilkS user)
    (37 F.SilkS user)
    (38 B.Mask user)
    (39 F.Mask user)
    (40 Dwgs.User user)
    (41 Cmts.User user)
    (42 Eco1.User user)
    (43 Eco2.User user)
    (44 Edge.Cuts user)
    (45 Margin user)
    (46 B.CrtYd user)
    (47 F.CrtYd user)
    (48 B.Fab user)
    (49 F.Fab user)
  )

  (setup
    (last_trace_width 0.25)
    (trace_clearance 0.2)
    (zone_clearance 0.508)
    (zone_45_only yes)
    (trace_min 0.2)
    (segment_width 0.2)
    (edge_width 0.15)
    (via_size 0.8)
    (via_drill 0.4)
    (via_min_size 0.4)
    (via_min_drill 0.3)
    (uvia_size 0.3)
    (uvia_drill 0.1)
    (uvias_allowed no)
    (uvia_min_size 0.2)
    (uvia_min_drill 0.1)
    (pcb_text_width 0.3)
    (pcb_text_size 1.5 1.5)
    (mod_edge_width 0.15)
    (mod_text_size 1 1)
    (mod_text_width 0.15)
    (pad_size 1.524 1.524)
    (pad_drill 0.762)
    (pad_to_mask_clearance 0.2)
    (aux_axis_origin 12.4 199.93)
    (visible_elements 7FFFFFFF)
    (pcbplotparams
      (layerselection 0x011f0_ffffffff)
      (usegerberextensions false)
      (usegerberattributes true)
      (usegerberadvancedattributes true)
      (creategerberjobfile true)
      (excludeedgelayer true)
      (linewidth 0.100000)
      (plotframeref false)
      (viasonmask false)
      (mode 1)
      (useauxorigin false)
      (hpglpennumber 1)
      (hpglpenspeed 20)
      (hpglpendiameter 15)
      (psnegative false)
      (psa4output false)
      (plotreference true)
      (plotvalue true)
      (plotinvisibletext false)
      (padsonsilk false)
      (subtractmaskfromsilk true)
      (outputformat 1)
      (mirror false)
      (drillshape 0)
      (scaleselection 1)
      (outputdirectory d:/temp))
  )

  (net 0 "")
  (net 1 +3V3)
  (net 2 GND)
  (net 3 +5V)
  (net 4 +12V)
  (net 5 "Net-(C202-Pad1)")
  (net 6 "Net-(C201-Pad1)")
  (net 7 "Net-(J403-Pad8)")
  (net 8 "Net-(J403-Pad7)")
  (net 9 "Net-(J403-Pad6)")
  (net 10 "Net-(J403-Pad5)")
  (net 11 /MCU/BELL_CTRL)
  (net 12 /MCU/DIA_Interrupt)
  (net 13 /MCU/ANALOG_RDY_1)
  (net 14 /MCU/ANALOG_RDY_2)
  (net 15 /MCU/LEVEL_SHIFTER_ENABLE)
  (net 16 /MCU/ANALOG_I2C_SCL)
  (net 17 JTAG:MTDO)
  (net 18 /MCU/ANALOG_I2C_SDA)
  (net 19 /MCU/RGB_LED_DATA_CTRL)
  (net 20 /MCU/I2C_PWR_CTRL)
  (net 21 "Net-(SPRKESP32401-Pad29)")
  (net 22 JTAG_MTMS)
  (net 23 "Net-(SPRKESP32401-Pad28)")
  (net 24 JTAG_MTDI)
  (net 25 /MCU/DIGITAL_I2C_SDA)
  (net 26 JTAG:MTCK)
  (net 27 /MCU/DIGITAL_I2C_SCL)
  (net 28 ~RESET)
  (net 29 "Net-(JP401-Pad2)")
  (net 30 "Net-(SPRKESP32401-Pad23)")
  (net 31 "Net-(SPRKESP32401-Pad18)")
  (net 32 "Net-(SPRKESP32401-Pad22)")
  (net 33 "Net-(SPRKESP32401-Pad19)")
  (net 34 "Net-(J202-Pad2)")
  (net 35 "Net-(J201-Pad2)")
  (net 36 "Net-(Q301-Pad1)")
  (net 37 "Net-(Q306-Pad1)")
  (net 38 "Net-(Q302-Pad1)")
  (net 39 "Net-(Q303-Pad1)")
  (net 40 "Net-(Q304-Pad1)")
  (net 41 "Net-(Q310-Pad1)")
  (net 42 BELL)
  (net 43 "Net-(Q308-Pad1)")
  (net 44 "Net-(Q307-Pad1)")
  (net 45 "Net-(Q305-Pad1)")
  (net 46 DI7_1)
  (net 47 "Net-(R307-Pad1)")
  (net 48 "Net-(R308-Pad1)")
  (net 49 DI8_1)
  (net 50 DI2_1)
  (net 51 "Net-(R302-Pad1)")
  (net 52 "Net-(R303-Pad1)")
  (net 53 DI3_1)
  (net 54 DI4_1)
  (net 55 "Net-(R304-Pad1)")
  (net 56 "Net-(R305-Pad1)")
  (net 57 DI5_1)
  (net 58 DI6_1)
  (net 59 "Net-(R306-Pad1)")
  (net 60 "Net-(R301-Pad1)")
  (net 61 DI1_1)
  (net 62 DO3)
  (net 63 "Net-(C503-Pad1)")
  (net 64 DO4)
  (net 65 DO6)
  (net 66 DO7)
  (net 67 DO8)
  (net 68 DIA_Interrupt)
  (net 69 BELL_CTRL)
  (net 70 "Net-(C508-Pad1)")
  (net 71 Sense8)
  (net 72 DO5)
  (net 73 DI6)
  (net 74 DI5)
  (net 75 DI4)
  (net 76 DO2)
  (net 77 "Net-(C301-Pad1)")
  (net 78 DI1)
  (net 79 DI3)
  (net 80 DI8)
  (net 81 "Net-(C308-Pad1)")
  (net 82 "Net-(C307-Pad1)")
  (net 83 DI7)
  (net 84 "Net-(C306-Pad1)")
  (net 85 "Net-(C305-Pad1)")
  (net 86 "Net-(C304-Pad1)")
  (net 87 "Net-(C303-Pad1)")
  (net 88 DI2)
  (net 89 "Net-(C302-Pad1)")
  (net 90 DO1)
  (net 91 "Net-(D605-Pad2)")
  (net 92 Sense7_DUT)
  (net 93 "Net-(C507-Pad1)")
  (net 94 Sense8_DUT)
  (net 95 Sense7)
  (net 96 ANALOG_RDY_1)
  (net 97 "Net-(D612-Pad2)")
  (net 98 "Net-(D602-Pad2)")
  (net 99 "Net-(D603-Pad2)")
  (net 100 "Net-(D604-Pad2)")
  (net 101 "Net-(D606-Pad2)")
  (net 102 "Net-(D607-Pad2)")
  (net 103 "Net-(D608-Pad2)")
  (net 104 "Net-(D609-Pad2)")
  (net 105 "Net-(D610-Pad2)")
  (net 106 "Net-(D611-Pad2)")
  (net 107 "Net-(C501-Pad1)")
  (net 108 "Net-(D613-Pad2)")
  (net 109 "Net-(D614-Pad2)")
  (net 110 "Net-(D615-Pad2)")
  (net 111 "Net-(D616-Pad2)")
  (net 112 Sense3_DUT)
  (net 113 Sense6)
  (net 114 "Net-(C506-Pad1)")
  (net 115 ANALOG_RDY_2)
  (net 116 "Net-(C505-Pad1)")
  (net 117 "Net-(C502-Pad1)")
  (net 118 Sense6_DUT)
  (net 119 Sense5_DUT)
  (net 120 Sense4_DUT)
  (net 121 "Net-(C504-Pad1)")
  (net 122 Sense2_DUT)
  (net 123 Sense1_DUT)
  (net 124 Sense5)
  (net 125 Sense4)
  (net 126 Sense3)
  (net 127 Sense2)
  (net 128 Sense1)
  (net 129 "Net-(D601-Pad2)")
  (net 130 ANALOG_I2C_SCL)
  (net 131 ANALOG_I2C_SDA)
  (net 132 "Net-(J310-Pad9)")
  (net 133 Wiegand_D1)
  (net 134 DIGITAL_I2C_SDA)
  (net 135 DIGITAL_I2C_SCL)
  (net 136 /MCU/Wiegand_D1)
  (net 137 "Net-(J402-Pad9)")
  (net 138 "Net-(D601-Pad1)")
  (net 139 "Net-(D602-Pad1)")
  (net 140 "Net-(D603-Pad1)")
  (net 141 "Net-(D604-Pad1)")
  (net 142 "Net-(D605-Pad1)")
  (net 143 "Net-(D606-Pad1)")
  (net 144 "Net-(D607-Pad1)")
  (net 145 "Net-(D608-Pad1)")
  (net 146 "Net-(D616-Pad1)")
  (net 147 "Net-(D615-Pad1)")
  (net 148 "Net-(D614-Pad1)")
  (net 149 "Net-(D613-Pad1)")
  (net 150 "Net-(D612-Pad1)")
  (net 151 "Net-(D611-Pad1)")
  (net 152 "Net-(D610-Pad1)")
  (net 153 "Net-(D609-Pad1)")
  (net 154 "Net-(CON401-Pad8)")
  (net 155 "Net-(CON401-Pad7)")
  (net 156 /Status/RGB_LED_DATA_CTRL)
  (net 157 /Status/LEVEL_SHIFTER_ENABLE)
  (net 158 DO8_PWR)
  (net 159 DO1_PWR)
  (net 160 DO7_PWR)
  (net 161 DO6_PWR)
  (net 162 DO5_PWR)
  (net 163 DO2_PWR)
  (net 164 DO4_PWR)
  (net 165 DO3_PWR)
  (net 166 DI8_2)
  (net 167 DI7_2)
  (net 168 DI6_2)
  (net 169 DI5_2)
  (net 170 DI1_2)
  (net 171 DI2_2)
  (net 172 DI3_2)
  (net 173 DI4_2)
  (net 174 "Net-(LED604-Pad2)")
  (net 175 "Net-(LED603-Pad2)")
  (net 176 "Net-(LED605-Pad2)")
  (net 177 "Net-(LED602-Pad2)")
  (net 178 "Net-(LED601-Pad4)")
  (net 179 "Net-(LED601-Pad2)")
  (net 180 "Net-(U601-Pad4)")
  (net 181 "Net-(U309-Pad19)")
  (net 182 GND_C)
  (net 183 +3V3_C)
  (net 184 +5V_C)
  (net 185 +3V3_S)
  (net 186 +5V_S)
  (net 187 GND_S)
  (net 188 +12V_Filtered)
  (net 189 /DigitalIO/DO1_GND_CTRL)
  (net 190 /DigitalIO/DO6_GND_CTRL)
  (net 191 /DigitalIO/DO2_GND_CTRL)
  (net 192 /DigitalIO/DO3_GND_CTRL)
  (net 193 /DigitalIO/DO4_GND_CTRL)
  (net 194 /DigitalIO/DO8_GND_CTRL)
  (net 195 /DigitalIO/DO7_GND_CTRL)
  (net 196 /DigitalIO/DO5_GND_CTRL)
  (net 197 "Net-(U601-Pad1)")
  (net 198 /MCU/IO_7)
  (net 199 /MCU/IO_6)
  (net 200 /MCU/IO_5)
  (net 201 /MCU/IO_4)
  (net 202 /MCU/IO_3)
  (net 203 /MCU/IO_2)
  (net 204 /MCU/IO_1)
  (net 205 /MCU/Wiegand_D0)
  (net 206 Wiegand_D0)
  (net 207 "Net-(SPRKESP32401-Pad11)")
  (net 208 "Net-(J402-Pad4)")
  (net 209 "Net-(J310-Pad4)")

  (net_class Default "This is the default net class."
    (clearance 0.2)
    (trace_width 0.25)
    (via_dia 0.8)
    (via_drill 0.4)
    (uvia_dia 0.3)
    (uvia_drill 0.1)
    (add_net +12V_Filtered)
    (add_net /DigitalIO/DO1_GND_CTRL)
    (add_net /DigitalIO/DO2_GND_CTRL)
    (add_net /DigitalIO/DO3_GND_CTRL)
    (add_net /DigitalIO/DO4_GND_CTRL)
    (add_net /DigitalIO/DO5_GND_CTRL)
    (add_net /DigitalIO/DO6_GND_CTRL)
    (add_net /DigitalIO/DO7_GND_CTRL)
    (add_net /DigitalIO/DO8_GND_CTRL)
    (add_net /MCU/ANALOG_I2C_SCL)
    (add_net /MCU/ANALOG_I2C_SDA)
    (add_net /MCU/ANALOG_RDY_1)
    (add_net /MCU/ANALOG_RDY_2)
    (add_net /MCU/BELL_CTRL)
    (add_net /MCU/DIA_Interrupt)
    (add_net /MCU/DIGITAL_I2C_SCL)
    (add_net /MCU/DIGITAL_I2C_SDA)
    (add_net /MCU/I2C_PWR_CTRL)
    (add_net /MCU/IO_1)
    (add_net /MCU/IO_2)
    (add_net /MCU/IO_3)
    (add_net /MCU/IO_4)
    (add_net /MCU/IO_5)
    (add_net /MCU/IO_6)
    (add_net /MCU/IO_7)
    (add_net /MCU/LEVEL_SHIFTER_ENABLE)
    (add_net /MCU/RGB_LED_DATA_CTRL)
    (add_net /MCU/Wiegand_D0)
    (add_net /MCU/Wiegand_D1)
    (add_net /Status/LEVEL_SHIFTER_ENABLE)
    (add_net /Status/RGB_LED_DATA_CTRL)
    (add_net ANALOG_I2C_SCL)
    (add_net ANALOG_I2C_SDA)
    (add_net ANALOG_RDY_1)
    (add_net ANALOG_RDY_2)
    (add_net BELL)
    (add_net BELL_CTRL)
    (add_net DI1)
    (add_net DI1_1)
    (add_net DI1_2)
    (add_net DI2)
    (add_net DI2_1)
    (add_net DI2_2)
    (add_net DI3)
    (add_net DI3_1)
    (add_net DI3_2)
    (add_net DI4)
    (add_net DI4_1)
    (add_net DI4_2)
    (add_net DI5)
    (add_net DI5_1)
    (add_net DI5_2)
    (add_net DI6)
    (add_net DI6_1)
    (add_net DI6_2)
    (add_net DI7)
    (add_net DI7_1)
    (add_net DI7_2)
    (add_net DI8)
    (add_net DI8_1)
    (add_net DI8_2)
    (add_net DIA_Interrupt)
    (add_net DIGITAL_I2C_SCL)
    (add_net DIGITAL_I2C_SDA)
    (add_net DO1)
    (add_net DO2)
    (add_net DO3)
    (add_net DO4)
    (add_net DO5)
    (add_net DO6)
    (add_net DO7)
    (add_net DO8)
    (add_net GND_C)
    (add_net JTAG:MTCK)
    (add_net JTAG:MTDO)
    (add_net JTAG_MTDI)
    (add_net JTAG_MTMS)
    (add_net "Net-(C201-Pad1)")
    (add_net "Net-(C202-Pad1)")
    (add_net "Net-(C301-Pad1)")
    (add_net "Net-(C302-Pad1)")
    (add_net "Net-(C303-Pad1)")
    (add_net "Net-(C304-Pad1)")
    (add_net "Net-(C305-Pad1)")
    (add_net "Net-(C306-Pad1)")
    (add_net "Net-(C307-Pad1)")
    (add_net "Net-(C308-Pad1)")
    (add_net "Net-(C501-Pad1)")
    (add_net "Net-(C502-Pad1)")
    (add_net "Net-(C503-Pad1)")
    (add_net "Net-(C504-Pad1)")
    (add_net "Net-(C505-Pad1)")
    (add_net "Net-(C506-Pad1)")
    (add_net "Net-(C507-Pad1)")
    (add_net "Net-(C508-Pad1)")
    (add_net "Net-(CON401-Pad7)")
    (add_net "Net-(CON401-Pad8)")
    (add_net "Net-(D601-Pad1)")
    (add_net "Net-(D601-Pad2)")
    (add_net "Net-(D602-Pad1)")
    (add_net "Net-(D602-Pad2)")
    (add_net "Net-(D603-Pad1)")
    (add_net "Net-(D603-Pad2)")
    (add_net "Net-(D604-Pad1)")
    (add_net "Net-(D604-Pad2)")
    (add_net "Net-(D605-Pad1)")
    (add_net "Net-(D605-Pad2)")
    (add_net "Net-(D606-Pad1)")
    (add_net "Net-(D606-Pad2)")
    (add_net "Net-(D607-Pad1)")
    (add_net "Net-(D607-Pad2)")
    (add_net "Net-(D608-Pad1)")
    (add_net "Net-(D608-Pad2)")
    (add_net "Net-(D609-Pad1)")
    (add_net "Net-(D609-Pad2)")
    (add_net "Net-(D610-Pad1)")
    (add_net "Net-(D610-Pad2)")
    (add_net "Net-(D611-Pad1)")
    (add_net "Net-(D611-Pad2)")
    (add_net "Net-(D612-Pad1)")
    (add_net "Net-(D612-Pad2)")
    (add_net "Net-(D613-Pad1)")
    (add_net "Net-(D613-Pad2)")
    (add_net "Net-(D614-Pad1)")
    (add_net "Net-(D614-Pad2)")
    (add_net "Net-(D615-Pad1)")
    (add_net "Net-(D615-Pad2)")
    (add_net "Net-(D616-Pad1)")
    (add_net "Net-(D616-Pad2)")
    (add_net "Net-(J201-Pad2)")
    (add_net "Net-(J202-Pad2)")
    (add_net "Net-(J310-Pad4)")
    (add_net "Net-(J310-Pad9)")
    (add_net "Net-(J402-Pad4)")
    (add_net "Net-(J402-Pad9)")
    (add_net "Net-(J403-Pad5)")
    (add_net "Net-(J403-Pad6)")
    (add_net "Net-(J403-Pad7)")
    (add_net "Net-(J403-Pad8)")
    (add_net "Net-(JP401-Pad2)")
    (add_net "Net-(LED601-Pad2)")
    (add_net "Net-(LED601-Pad4)")
    (add_net "Net-(LED602-Pad2)")
    (add_net "Net-(LED603-Pad2)")
    (add_net "Net-(LED604-Pad2)")
    (add_net "Net-(LED605-Pad2)")
    (add_net "Net-(Q301-Pad1)")
    (add_net "Net-(Q302-Pad1)")
    (add_net "Net-(Q303-Pad1)")
    (add_net "Net-(Q304-Pad1)")
    (add_net "Net-(Q305-Pad1)")
    (add_net "Net-(Q306-Pad1)")
    (add_net "Net-(Q307-Pad1)")
    (add_net "Net-(Q308-Pad1)")
    (add_net "Net-(Q310-Pad1)")
    (add_net "Net-(R301-Pad1)")
    (add_net "Net-(R302-Pad1)")
    (add_net "Net-(R303-Pad1)")
    (add_net "Net-(R304-Pad1)")
    (add_net "Net-(R305-Pad1)")
    (add_net "Net-(R306-Pad1)")
    (add_net "Net-(R307-Pad1)")
    (add_net "Net-(R308-Pad1)")
    (add_net "Net-(SPRKESP32401-Pad11)")
    (add_net "Net-(SPRKESP32401-Pad18)")
    (add_net "Net-(SPRKESP32401-Pad19)")
    (add_net "Net-(SPRKESP32401-Pad22)")
    (add_net "Net-(SPRKESP32401-Pad23)")
    (add_net "Net-(SPRKESP32401-Pad28)")
    (add_net "Net-(SPRKESP32401-Pad29)")
    (add_net "Net-(U309-Pad19)")
    (add_net "Net-(U601-Pad1)")
    (add_net "Net-(U601-Pad4)")
    (add_net Sense1)
    (add_net Sense1_DUT)
    (add_net Sense2)
    (add_net Sense2_DUT)
    (add_net Sense3)
    (add_net Sense3_DUT)
    (add_net Sense4)
    (add_net Sense4_DUT)
    (add_net Sense5)
    (add_net Sense5_DUT)
    (add_net Sense6)
    (add_net Sense6_DUT)
    (add_net Sense7)
    (add_net Sense7_DUT)
    (add_net Sense8)
    (add_net Sense8_DUT)
    (add_net Wiegand_D0)
    (add_net Wiegand_D1)
    (add_net ~RESET)
  )

  (net_class 12V-Supply ""
    (clearance 0.2)
    (trace_width 1.7)
    (via_dia 0.8)
    (via_drill 0.4)
    (uvia_dia 0.3)
    (uvia_drill 0.1)
    (add_net +12V)
    (add_net GND)
  )

  (net_class 3.3V-Rail ""
    (clearance 0.2)
    (trace_width 2)
    (via_dia 0.8)
    (via_drill 0.4)
    (uvia_dia 0.3)
    (uvia_drill 0.1)
    (add_net +3V3)
    (add_net +3V3_C)
    (add_net +3V3_S)
  )

  (net_class 3.3V-Rail-regular ""
    (clearance 0.2)
    (trace_width 0.25)
    (via_dia 0.8)
    (via_drill 0.4)
    (uvia_dia 0.3)
    (uvia_drill 0.1)
  )

  (net_class 5.5V-Rail ""
    (clearance 0.2)
    (trace_width 2)
    (via_dia 0.8)
    (via_drill 0.4)
    (uvia_dia 0.3)
    (uvia_drill 0.1)
    (add_net +5V)
    (add_net +5V_C)
    (add_net +5V_S)
  )

  (net_class DigitalOutput ""
    (clearance 0.2)
    (trace_width 1.7)
    (via_dia 0.8)
    (via_drill 0.4)
    (uvia_dia 0.3)
    (uvia_drill 0.1)
    (add_net DO1_PWR)
    (add_net DO2_PWR)
    (add_net DO3_PWR)
    (add_net DO4_PWR)
    (add_net DO5_PWR)
    (add_net DO6_PWR)
    (add_net DO7_PWR)
    (add_net DO8_PWR)
  )

  (net_class RGB_LED_PWR ""
    (clearance 0.2)
    (trace_width 0.25)
    (via_dia 0.8)
    (via_drill 0.4)
    (uvia_dia 0.3)
    (uvia_drill 0.1)
    (add_net GND_S)
  )

  (module Connector_IDC:IDC-Header_2x05_P2.54mm_Vertical (layer B.Cu) (tedit 59DE0611) (tstamp 5ABA5C72)
    (at 128.376542 106.59542 90)
    (descr "Through hole straight IDC box header, 2x05, 2.54mm pitch, double rows")
    (tags "Through hole IDC box header THT 2x05 2.54mm double row")
    (path /59C69055/59C8CC4C)
    (fp_text reference CON401 (at 1.27 6.604 90) (layer B.SilkS)
      (effects (font (size 1 1) (thickness 0.15)) (justify mirror))
    )
    (fp_text value AVR-JTAG-10 (at 1.27 -16.764 90) (layer B.Fab)
      (effects (font (size 1 1) (thickness 0.15)) (justify mirror))
    )
    (fp_text user %R (at 1.27 -5.08 90) (layer B.Fab)
      (effects (font (size 1 1) (thickness 0.15)) (justify mirror))
    )
    (fp_line (start 5.695 5.1) (end 5.695 -15.26) (layer B.Fab) (width 0.1))
    (fp_line (start 5.145 4.56) (end 5.145 -14.7) (layer B.Fab) (width 0.1))
    (fp_line (start -3.155 5.1) (end -3.155 -15.26) (layer B.Fab) (width 0.1))
    (fp_line (start -2.605 4.56) (end -2.605 -2.83) (layer B.Fab) (width 0.1))
    (fp_line (start -2.605 -7.33) (end -2.605 -14.7) (layer B.Fab) (width 0.1))
    (fp_line (start -2.605 -2.83) (end -3.155 -2.83) (layer B.Fab) (width 0.1))
    (fp_line (start -2.605 -7.33) (end -3.155 -7.33) (layer B.Fab) (width 0.1))
    (fp_line (start 5.695 5.1) (end -3.155 5.1) (layer B.Fab) (width 0.1))
    (fp_line (start 5.145 4.56) (end -2.605 4.56) (layer B.Fab) (width 0.1))
    (fp_line (start 5.695 -15.26) (end -3.155 -15.26) (layer B.Fab) (width 0.1))
    (fp_line (start 5.145 -14.7) (end -2.605 -14.7) (layer B.Fab) (width 0.1))
    (fp_line (start 5.695 5.1) (end 5.145 4.56) (layer B.Fab) (width 0.1))
    (fp_line (start 5.695 -15.26) (end 5.145 -14.7) (layer B.Fab) (width 0.1))
    (fp_line (start -3.155 5.1) (end -2.605 4.56) (layer B.Fab) (width 0.1))
    (fp_line (start -3.155 -15.26) (end -2.605 -14.7) (layer B.Fab) (width 0.1))
    (fp_line (start 5.95 5.35) (end 5.95 -15.51) (layer B.CrtYd) (width 0.05))
    (fp_line (start 5.95 -15.51) (end -3.41 -15.51) (layer B.CrtYd) (width 0.05))
    (fp_line (start -3.41 -15.51) (end -3.41 5.35) (layer B.CrtYd) (width 0.05))
    (fp_line (start -3.41 5.35) (end 5.95 5.35) (layer B.CrtYd) (width 0.05))
    (fp_line (start 5.945 5.35) (end 5.945 -15.51) (layer B.SilkS) (width 0.12))
    (fp_line (start 5.945 -15.51) (end -3.405 -15.51) (layer B.SilkS) (width 0.12))
    (fp_line (start -3.405 -15.51) (end -3.405 5.35) (layer B.SilkS) (width 0.12))
    (fp_line (start -3.405 5.35) (end 5.945 5.35) (layer B.SilkS) (width 0.12))
    (fp_line (start -3.655 5.6) (end -3.655 3.06) (layer B.SilkS) (width 0.12))
    (fp_line (start -3.655 5.6) (end -1.115 5.6) (layer B.SilkS) (width 0.12))
    (pad 1 thru_hole rect (at 0 0 90) (size 1.7272 1.7272) (drill 1.016) (layers *.Cu *.Mask)
      (net 26 JTAG:MTCK))
    (pad 2 thru_hole oval (at 2.54 0 90) (size 1.7272 1.7272) (drill 1.016) (layers *.Cu *.Mask)
      (net 182 GND_C))
    (pad 3 thru_hole oval (at 0 -2.54 90) (size 1.7272 1.7272) (drill 1.016) (layers *.Cu *.Mask)
      (net 17 JTAG:MTDO))
    (pad 4 thru_hole oval (at 2.54 -2.54 90) (size 1.7272 1.7272) (drill 1.016) (layers *.Cu *.Mask)
      (net 183 +3V3_C))
    (pad 5 thru_hole oval (at 0 -5.08 90) (size 1.7272 1.7272) (drill 1.016) (layers *.Cu *.Mask)
      (net 22 JTAG_MTMS))
    (pad 6 thru_hole oval (at 2.54 -5.08 90) (size 1.7272 1.7272) (drill 1.016) (layers *.Cu *.Mask)
      (net 28 ~RESET))
    (pad 7 thru_hole oval (at 0 -7.62 90) (size 1.7272 1.7272) (drill 1.016) (layers *.Cu *.Mask)
      (net 155 "Net-(CON401-Pad7)"))
    (pad 8 thru_hole oval (at 2.54 -7.62 90) (size 1.7272 1.7272) (drill 1.016) (layers *.Cu *.Mask)
      (net 154 "Net-(CON401-Pad8)"))
    (pad 9 thru_hole oval (at 0 -10.16 90) (size 1.7272 1.7272) (drill 1.016) (layers *.Cu *.Mask)
      (net 24 JTAG_MTDI))
    (pad 10 thru_hole oval (at 2.54 -10.16 90) (size 1.7272 1.7272) (drill 1.016) (layers *.Cu *.Mask)
      (net 182 GND_C))
    (model ${KISYS3DMOD}/Connector_IDC.3dshapes/IDC-Header_2x05_P2.54mm_Vertical.wrl
      (at (xyz 0 0 0))
      (scale (xyz 1 1 1))
      (rotate (xyz 0 0 0))
    )
  )

  (module Package_TO_SOT_SMD:TO-263-3_TabPin2 (layer F.Cu) (tedit 5A70FB8C) (tstamp 5AB85911)
    (at 20.712 64.872 90)
    (descr "TO-263 / D2PAK / DDPAK SMD package, http://www.infineon.com/cms/en/product/packages/PG-TO263/PG-TO263-3-1/")
    (tags "D2PAK DDPAK TO-263 D2PAK-3 TO-263-3 SOT-404")
    (path /59BF7E73/59BF91FB)
    (attr smd)
    (fp_text reference U201 (at 0 -6.65 90) (layer F.SilkS)
      (effects (font (size 1 1) (thickness 0.15)))
    )
    (fp_text value LM1084-3.3 (at 0 6.65 90) (layer F.Fab)
      (effects (font (size 1 1) (thickness 0.15)))
    )
    (fp_text user %R (at 0 0 90) (layer F.Fab)
      (effects (font (size 1 1) (thickness 0.15)))
    )
    (fp_line (start 8.32 -5.65) (end -8.32 -5.65) (layer F.CrtYd) (width 0.05))
    (fp_line (start 8.32 5.65) (end 8.32 -5.65) (layer F.CrtYd) (width 0.05))
    (fp_line (start -8.32 5.65) (end 8.32 5.65) (layer F.CrtYd) (width 0.05))
    (fp_line (start -8.32 -5.65) (end -8.32 5.65) (layer F.CrtYd) (width 0.05))
    (fp_line (start -2.95 3.39) (end -4.05 3.39) (layer F.SilkS) (width 0.12))
    (fp_line (start -2.95 5.2) (end -2.95 3.39) (layer F.SilkS) (width 0.12))
    (fp_line (start -1.45 5.2) (end -2.95 5.2) (layer F.SilkS) (width 0.12))
    (fp_line (start -2.95 -3.39) (end -8.075 -3.39) (layer F.SilkS) (width 0.12))
    (fp_line (start -2.95 -5.2) (end -2.95 -3.39) (layer F.SilkS) (width 0.12))
    (fp_line (start -1.45 -5.2) (end -2.95 -5.2) (layer F.SilkS) (width 0.12))
    (fp_line (start -7.45 3.04) (end -2.75 3.04) (layer F.Fab) (width 0.1))
    (fp_line (start -7.45 2.04) (end -7.45 3.04) (layer F.Fab) (width 0.1))
    (fp_line (start -2.75 2.04) (end -7.45 2.04) (layer F.Fab) (width 0.1))
    (fp_line (start -7.45 0.5) (end -2.75 0.5) (layer F.Fab) (width 0.1))
    (fp_line (start -7.45 -0.5) (end -7.45 0.5) (layer F.Fab) (width 0.1))
    (fp_line (start -2.75 -0.5) (end -7.45 -0.5) (layer F.Fab) (width 0.1))
    (fp_line (start -7.45 -2.04) (end -2.75 -2.04) (layer F.Fab) (width 0.1))
    (fp_line (start -7.45 -3.04) (end -7.45 -2.04) (layer F.Fab) (width 0.1))
    (fp_line (start -2.75 -3.04) (end -7.45 -3.04) (layer F.Fab) (width 0.1))
    (fp_line (start -1.75 -5) (end 6.5 -5) (layer F.Fab) (width 0.1))
    (fp_line (start -2.75 -4) (end -1.75 -5) (layer F.Fab) (width 0.1))
    (fp_line (start -2.75 5) (end -2.75 -4) (layer F.Fab) (width 0.1))
    (fp_line (start 6.5 5) (end -2.75 5) (layer F.Fab) (width 0.1))
    (fp_line (start 6.5 -5) (end 6.5 5) (layer F.Fab) (width 0.1))
    (fp_line (start 7.5 5) (end 6.5 5) (layer F.Fab) (width 0.1))
    (fp_line (start 7.5 -5) (end 7.5 5) (layer F.Fab) (width 0.1))
    (fp_line (start 6.5 -5) (end 7.5 -5) (layer F.Fab) (width 0.1))
    (pad "" smd rect (at 0.95 2.775 90) (size 4.55 5.25) (layers F.Paste))
    (pad "" smd rect (at 5.8 -2.775 90) (size 4.55 5.25) (layers F.Paste))
    (pad "" smd rect (at 0.95 -2.775 90) (size 4.55 5.25) (layers F.Paste))
    (pad "" smd rect (at 5.8 2.775 90) (size 4.55 5.25) (layers F.Paste))
    (pad 2 smd rect (at 3.375 0 90) (size 9.4 10.8) (layers F.Cu F.Mask)
      (net 35 "Net-(J201-Pad2)"))
    (pad 3 smd rect (at -5.775 2.54 90) (size 4.6 1.1) (layers F.Cu F.Paste F.Mask)
      (net 6 "Net-(C201-Pad1)"))
    (pad 2 smd rect (at -5.775 0 90) (size 4.6 1.1) (layers F.Cu F.Paste F.Mask)
      (net 35 "Net-(J201-Pad2)"))
    (pad 1 smd rect (at -5.775 -2.54 90) (size 4.6 1.1) (layers F.Cu F.Paste F.Mask)
      (net 2 GND))
    (model ${KISYS3DMOD}/Package_TO_SOT_SMD.3dshapes/TO-263-3_TabPin2.wrl
      (at (xyz 0 0 0))
      (scale (xyz 1 1 1))
      (rotate (xyz 0 0 0))
    )
  )

  (module Package_TO_SOT_SMD:TO-263-3_TabPin2 (layer F.Cu) (tedit 5A70FB8C) (tstamp 5AB858EA)
    (at 157.11 60.808)
    (descr "TO-263 / D2PAK / DDPAK SMD package, http://www.infineon.com/cms/en/product/packages/PG-TO263/PG-TO263-3-1/")
    (tags "D2PAK DDPAK TO-263 D2PAK-3 TO-263-3 SOT-404")
    (path /59BF7E73/59BF92DC)
    (attr smd)
    (fp_text reference U202 (at 0 -6.65) (layer F.SilkS)
      (effects (font (size 1 1) (thickness 0.15)))
    )
    (fp_text value LM1084-5.0 (at 0 6.65) (layer F.Fab)
      (effects (font (size 1 1) (thickness 0.15)))
    )
    (fp_line (start 6.5 -5) (end 7.5 -5) (layer F.Fab) (width 0.1))
    (fp_line (start 7.5 -5) (end 7.5 5) (layer F.Fab) (width 0.1))
    (fp_line (start 7.5 5) (end 6.5 5) (layer F.Fab) (width 0.1))
    (fp_line (start 6.5 -5) (end 6.5 5) (layer F.Fab) (width 0.1))
    (fp_line (start 6.5 5) (end -2.75 5) (layer F.Fab) (width 0.1))
    (fp_line (start -2.75 5) (end -2.75 -4) (layer F.Fab) (width 0.1))
    (fp_line (start -2.75 -4) (end -1.75 -5) (layer F.Fab) (width 0.1))
    (fp_line (start -1.75 -5) (end 6.5 -5) (layer F.Fab) (width 0.1))
    (fp_line (start -2.75 -3.04) (end -7.45 -3.04) (layer F.Fab) (width 0.1))
    (fp_line (start -7.45 -3.04) (end -7.45 -2.04) (layer F.Fab) (width 0.1))
    (fp_line (start -7.45 -2.04) (end -2.75 -2.04) (layer F.Fab) (width 0.1))
    (fp_line (start -2.75 -0.5) (end -7.45 -0.5) (layer F.Fab) (width 0.1))
    (fp_line (start -7.45 -0.5) (end -7.45 0.5) (layer F.Fab) (width 0.1))
    (fp_line (start -7.45 0.5) (end -2.75 0.5) (layer F.Fab) (width 0.1))
    (fp_line (start -2.75 2.04) (end -7.45 2.04) (layer F.Fab) (width 0.1))
    (fp_line (start -7.45 2.04) (end -7.45 3.04) (layer F.Fab) (width 0.1))
    (fp_line (start -7.45 3.04) (end -2.75 3.04) (layer F.Fab) (width 0.1))
    (fp_line (start -1.45 -5.2) (end -2.95 -5.2) (layer F.SilkS) (width 0.12))
    (fp_line (start -2.95 -5.2) (end -2.95 -3.39) (layer F.SilkS) (width 0.12))
    (fp_line (start -2.95 -3.39) (end -8.075 -3.39) (layer F.SilkS) (width 0.12))
    (fp_line (start -1.45 5.2) (end -2.95 5.2) (layer F.SilkS) (width 0.12))
    (fp_line (start -2.95 5.2) (end -2.95 3.39) (layer F.SilkS) (width 0.12))
    (fp_line (start -2.95 3.39) (end -4.05 3.39) (layer F.SilkS) (width 0.12))
    (fp_line (start -8.32 -5.65) (end -8.32 5.65) (layer F.CrtYd) (width 0.05))
    (fp_line (start -8.32 5.65) (end 8.32 5.65) (layer F.CrtYd) (width 0.05))
    (fp_line (start 8.32 5.65) (end 8.32 -5.65) (layer F.CrtYd) (width 0.05))
    (fp_line (start 8.32 -5.65) (end -8.32 -5.65) (layer F.CrtYd) (width 0.05))
    (fp_text user %R (at 0 0) (layer F.Fab)
      (effects (font (size 1 1) (thickness 0.15)))
    )
    (pad 1 smd rect (at -5.775 -2.54) (size 4.6 1.1) (layers F.Cu F.Paste F.Mask)
      (net 2 GND))
    (pad 2 smd rect (at -5.775 0) (size 4.6 1.1) (layers F.Cu F.Paste F.Mask)
      (net 34 "Net-(J202-Pad2)"))
    (pad 3 smd rect (at -5.775 2.54) (size 4.6 1.1) (layers F.Cu F.Paste F.Mask)
      (net 5 "Net-(C202-Pad1)"))
    (pad 2 smd rect (at 3.375 0) (size 9.4 10.8) (layers F.Cu F.Mask)
      (net 34 "Net-(J202-Pad2)"))
    (pad "" smd rect (at 5.8 2.775) (size 4.55 5.25) (layers F.Paste))
    (pad "" smd rect (at 0.95 -2.775) (size 4.55 5.25) (layers F.Paste))
    (pad "" smd rect (at 5.8 -2.775) (size 4.55 5.25) (layers F.Paste))
    (pad "" smd rect (at 0.95 2.775) (size 4.55 5.25) (layers F.Paste))
    (model ${KISYS3DMOD}/Package_TO_SOT_SMD.3dshapes/TO-263-3_TabPin2.wrl
      (at (xyz 0 0 0))
      (scale (xyz 1 1 1))
      (rotate (xyz 0 0 0))
    )
  )

  (module Resistor_SMD:R_2512_6332Metric (layer F.Cu) (tedit 59FE48B8) (tstamp 5ACB53C6)
    (at 29.7925 26.518 180)
    (descr "Resistor SMD 2512 (6332 Metric), square (rectangular) end terminal, IPC_7351 nominal, (Body size source: http://www.tortai-tech.com/upload/download/2011102023233369053.pdf), generated with kicad-footprint-generator")
    (tags resistor)
    (path /59C2CAC5/59C2CF5E)
    (attr smd)
    (fp_text reference R302 (at 0 -2.85 180) (layer F.SilkS)
      (effects (font (size 1 1) (thickness 0.15)))
    )
    (fp_text value 1k (at 0 2.85 180) (layer F.Fab)
      (effects (font (size 1 1) (thickness 0.15)))
    )
    (fp_text user %R (at 0 0 180) (layer F.Fab)
      (effects (font (size 1 1) (thickness 0.15)))
    )
    (fp_line (start 3.84 1.95) (end -3.84 1.95) (layer F.CrtYd) (width 0.05))
    (fp_line (start 3.84 -1.95) (end 3.84 1.95) (layer F.CrtYd) (width 0.05))
    (fp_line (start -3.84 -1.95) (end 3.84 -1.95) (layer F.CrtYd) (width 0.05))
    (fp_line (start -3.84 1.95) (end -3.84 -1.95) (layer F.CrtYd) (width 0.05))
    (fp_line (start -2.1 1.71) (end 2.1 1.71) (layer F.SilkS) (width 0.12))
    (fp_line (start -2.1 -1.71) (end 2.1 -1.71) (layer F.SilkS) (width 0.12))
    (fp_line (start 3.15 1.6) (end -3.15 1.6) (layer F.Fab) (width 0.1))
    (fp_line (start 3.15 -1.6) (end 3.15 1.6) (layer F.Fab) (width 0.1))
    (fp_line (start -3.15 -1.6) (end 3.15 -1.6) (layer F.Fab) (width 0.1))
    (fp_line (start -3.15 1.6) (end -3.15 -1.6) (layer F.Fab) (width 0.1))
    (pad 2 smd rect (at 3.005 0 180) (size 1.17 3.4) (layers F.Cu F.Paste F.Mask)
      (net 50 DI2_1))
    (pad 1 smd rect (at -3.005 0 180) (size 1.17 3.4) (layers F.Cu F.Paste F.Mask)
      (net 51 "Net-(R302-Pad1)"))
    (model ${KISYS3DMOD}/Resistor_SMD.3dshapes/R_2512_6332Metric.wrl
      (at (xyz 0 0 0))
      (scale (xyz 1 1 1))
      (rotate (xyz 0 0 0))
    )
  )

  (module Resistor_SMD:R_2512_6332Metric (layer F.Cu) (tedit 59FE48B8) (tstamp 5ACB53B6)
    (at 60.082 26.518 180)
    (descr "Resistor SMD 2512 (6332 Metric), square (rectangular) end terminal, IPC_7351 nominal, (Body size source: http://www.tortai-tech.com/upload/download/2011102023233369053.pdf), generated with kicad-footprint-generator")
    (tags resistor)
    (path /59C2CAC5/59C2E163)
    (attr smd)
    (fp_text reference R305 (at 0 -2.85 180) (layer F.SilkS)
      (effects (font (size 1 1) (thickness 0.15)))
    )
    (fp_text value 1k (at 0 2.85 180) (layer F.Fab)
      (effects (font (size 1 1) (thickness 0.15)))
    )
    (fp_line (start -3.15 1.6) (end -3.15 -1.6) (layer F.Fab) (width 0.1))
    (fp_line (start -3.15 -1.6) (end 3.15 -1.6) (layer F.Fab) (width 0.1))
    (fp_line (start 3.15 -1.6) (end 3.15 1.6) (layer F.Fab) (width 0.1))
    (fp_line (start 3.15 1.6) (end -3.15 1.6) (layer F.Fab) (width 0.1))
    (fp_line (start -2.1 -1.71) (end 2.1 -1.71) (layer F.SilkS) (width 0.12))
    (fp_line (start -2.1 1.71) (end 2.1 1.71) (layer F.SilkS) (width 0.12))
    (fp_line (start -3.84 1.95) (end -3.84 -1.95) (layer F.CrtYd) (width 0.05))
    (fp_line (start -3.84 -1.95) (end 3.84 -1.95) (layer F.CrtYd) (width 0.05))
    (fp_line (start 3.84 -1.95) (end 3.84 1.95) (layer F.CrtYd) (width 0.05))
    (fp_line (start 3.84 1.95) (end -3.84 1.95) (layer F.CrtYd) (width 0.05))
    (fp_text user %R (at 0 0 180) (layer F.Fab)
      (effects (font (size 1 1) (thickness 0.15)))
    )
    (pad 1 smd rect (at -3.005 0 180) (size 1.17 3.4) (layers F.Cu F.Paste F.Mask)
      (net 56 "Net-(R305-Pad1)"))
    (pad 2 smd rect (at 3.005 0 180) (size 1.17 3.4) (layers F.Cu F.Paste F.Mask)
      (net 57 DI5_1))
    (model ${KISYS3DMOD}/Resistor_SMD.3dshapes/R_2512_6332Metric.wrl
      (at (xyz 0 0 0))
      (scale (xyz 1 1 1))
      (rotate (xyz 0 0 0))
    )
  )

  (module Resistor_SMD:R_2512_6332Metric (layer F.Cu) (tedit 59FE48B8) (tstamp 5ACB53A6)
    (at 97.674 25.756 180)
    (descr "Resistor SMD 2512 (6332 Metric), square (rectangular) end terminal, IPC_7351 nominal, (Body size source: http://www.tortai-tech.com/upload/download/2011102023233369053.pdf), generated with kicad-footprint-generator")
    (tags resistor)
    (path /59C2CAC5/59C2E488)
    (attr smd)
    (fp_text reference R308 (at 0 -2.85 180) (layer F.SilkS)
      (effects (font (size 1 1) (thickness 0.15)))
    )
    (fp_text value 1k (at 0 2.85 180) (layer F.Fab)
      (effects (font (size 1 1) (thickness 0.15)))
    )
    (fp_text user %R (at 0 0 180) (layer F.Fab)
      (effects (font (size 1 1) (thickness 0.15)))
    )
    (fp_line (start 3.84 1.95) (end -3.84 1.95) (layer F.CrtYd) (width 0.05))
    (fp_line (start 3.84 -1.95) (end 3.84 1.95) (layer F.CrtYd) (width 0.05))
    (fp_line (start -3.84 -1.95) (end 3.84 -1.95) (layer F.CrtYd) (width 0.05))
    (fp_line (start -3.84 1.95) (end -3.84 -1.95) (layer F.CrtYd) (width 0.05))
    (fp_line (start -2.1 1.71) (end 2.1 1.71) (layer F.SilkS) (width 0.12))
    (fp_line (start -2.1 -1.71) (end 2.1 -1.71) (layer F.SilkS) (width 0.12))
    (fp_line (start 3.15 1.6) (end -3.15 1.6) (layer F.Fab) (width 0.1))
    (fp_line (start 3.15 -1.6) (end 3.15 1.6) (layer F.Fab) (width 0.1))
    (fp_line (start -3.15 -1.6) (end 3.15 -1.6) (layer F.Fab) (width 0.1))
    (fp_line (start -3.15 1.6) (end -3.15 -1.6) (layer F.Fab) (width 0.1))
    (pad 2 smd rect (at 3.005 0 180) (size 1.17 3.4) (layers F.Cu F.Paste F.Mask)
      (net 49 DI8_1))
    (pad 1 smd rect (at -3.005 0 180) (size 1.17 3.4) (layers F.Cu F.Paste F.Mask)
      (net 48 "Net-(R308-Pad1)"))
    (model ${KISYS3DMOD}/Resistor_SMD.3dshapes/R_2512_6332Metric.wrl
      (at (xyz 0 0 0))
      (scale (xyz 1 1 1))
      (rotate (xyz 0 0 0))
    )
  )

  (module Resistor_SMD:R_2512_6332Metric (layer F.Cu) (tedit 59FE48B8) (tstamp 5ACB5396)
    (at 39.889 26.518 180)
    (descr "Resistor SMD 2512 (6332 Metric), square (rectangular) end terminal, IPC_7351 nominal, (Body size source: http://www.tortai-tech.com/upload/download/2011102023233369053.pdf), generated with kicad-footprint-generator")
    (tags resistor)
    (path /59C2CAC5/59C2DC1B)
    (attr smd)
    (fp_text reference R303 (at 0 -2.85 180) (layer F.SilkS)
      (effects (font (size 1 1) (thickness 0.15)))
    )
    (fp_text value 1k (at 0 2.85 180) (layer F.Fab)
      (effects (font (size 1 1) (thickness 0.15)))
    )
    (fp_line (start -3.15 1.6) (end -3.15 -1.6) (layer F.Fab) (width 0.1))
    (fp_line (start -3.15 -1.6) (end 3.15 -1.6) (layer F.Fab) (width 0.1))
    (fp_line (start 3.15 -1.6) (end 3.15 1.6) (layer F.Fab) (width 0.1))
    (fp_line (start 3.15 1.6) (end -3.15 1.6) (layer F.Fab) (width 0.1))
    (fp_line (start -2.1 -1.71) (end 2.1 -1.71) (layer F.SilkS) (width 0.12))
    (fp_line (start -2.1 1.71) (end 2.1 1.71) (layer F.SilkS) (width 0.12))
    (fp_line (start -3.84 1.95) (end -3.84 -1.95) (layer F.CrtYd) (width 0.05))
    (fp_line (start -3.84 -1.95) (end 3.84 -1.95) (layer F.CrtYd) (width 0.05))
    (fp_line (start 3.84 -1.95) (end 3.84 1.95) (layer F.CrtYd) (width 0.05))
    (fp_line (start 3.84 1.95) (end -3.84 1.95) (layer F.CrtYd) (width 0.05))
    (fp_text user %R (at 0 0 180) (layer F.Fab)
      (effects (font (size 1 1) (thickness 0.15)))
    )
    (pad 1 smd rect (at -3.005 0 180) (size 1.17 3.4) (layers F.Cu F.Paste F.Mask)
      (net 52 "Net-(R303-Pad1)"))
    (pad 2 smd rect (at 3.005 0 180) (size 1.17 3.4) (layers F.Cu F.Paste F.Mask)
      (net 53 DI3_1))
    (model ${KISYS3DMOD}/Resistor_SMD.3dshapes/R_2512_6332Metric.wrl
      (at (xyz 0 0 0))
      (scale (xyz 1 1 1))
      (rotate (xyz 0 0 0))
    )
  )

  (module Resistor_SMD:R_2512_6332Metric (layer F.Cu) (tedit 59FE48B8) (tstamp 5ACB5386)
    (at 71.258 26.518 180)
    (descr "Resistor SMD 2512 (6332 Metric), square (rectangular) end terminal, IPC_7351 nominal, (Body size source: http://www.tortai-tech.com/upload/download/2011102023233369053.pdf), generated with kicad-footprint-generator")
    (tags resistor)
    (path /59C2CAC5/59C2E1F9)
    (attr smd)
    (fp_text reference R306 (at 0 -2.85 180) (layer F.SilkS)
      (effects (font (size 1 1) (thickness 0.15)))
    )
    (fp_text value 1k (at 0 2.85 180) (layer F.Fab)
      (effects (font (size 1 1) (thickness 0.15)))
    )
    (fp_text user %R (at 0 0 180) (layer F.Fab)
      (effects (font (size 1 1) (thickness 0.15)))
    )
    (fp_line (start 3.84 1.95) (end -3.84 1.95) (layer F.CrtYd) (width 0.05))
    (fp_line (start 3.84 -1.95) (end 3.84 1.95) (layer F.CrtYd) (width 0.05))
    (fp_line (start -3.84 -1.95) (end 3.84 -1.95) (layer F.CrtYd) (width 0.05))
    (fp_line (start -3.84 1.95) (end -3.84 -1.95) (layer F.CrtYd) (width 0.05))
    (fp_line (start -2.1 1.71) (end 2.1 1.71) (layer F.SilkS) (width 0.12))
    (fp_line (start -2.1 -1.71) (end 2.1 -1.71) (layer F.SilkS) (width 0.12))
    (fp_line (start 3.15 1.6) (end -3.15 1.6) (layer F.Fab) (width 0.1))
    (fp_line (start 3.15 -1.6) (end 3.15 1.6) (layer F.Fab) (width 0.1))
    (fp_line (start -3.15 -1.6) (end 3.15 -1.6) (layer F.Fab) (width 0.1))
    (fp_line (start -3.15 1.6) (end -3.15 -1.6) (layer F.Fab) (width 0.1))
    (pad 2 smd rect (at 3.005 0 180) (size 1.17 3.4) (layers F.Cu F.Paste F.Mask)
      (net 58 DI6_1))
    (pad 1 smd rect (at -3.005 0 180) (size 1.17 3.4) (layers F.Cu F.Paste F.Mask)
      (net 59 "Net-(R306-Pad1)"))
    (model ${KISYS3DMOD}/Resistor_SMD.3dshapes/R_2512_6332Metric.wrl
      (at (xyz 0 0 0))
      (scale (xyz 1 1 1))
      (rotate (xyz 0 0 0))
    )
  )

  (module Resistor_SMD:R_2512_6332Metric (layer F.Cu) (tedit 59FE48B8) (tstamp 5ACB5376)
    (at 49.9855 26.518 180)
    (descr "Resistor SMD 2512 (6332 Metric), square (rectangular) end terminal, IPC_7351 nominal, (Body size source: http://www.tortai-tech.com/upload/download/2011102023233369053.pdf), generated with kicad-footprint-generator")
    (tags resistor)
    (path /59C2CAC5/59C2DDD2)
    (attr smd)
    (fp_text reference R304 (at 0 -2.85 180) (layer F.SilkS)
      (effects (font (size 1 1) (thickness 0.15)))
    )
    (fp_text value 1k (at 0 2.85 180) (layer F.Fab)
      (effects (font (size 1 1) (thickness 0.15)))
    )
    (fp_line (start -3.15 1.6) (end -3.15 -1.6) (layer F.Fab) (width 0.1))
    (fp_line (start -3.15 -1.6) (end 3.15 -1.6) (layer F.Fab) (width 0.1))
    (fp_line (start 3.15 -1.6) (end 3.15 1.6) (layer F.Fab) (width 0.1))
    (fp_line (start 3.15 1.6) (end -3.15 1.6) (layer F.Fab) (width 0.1))
    (fp_line (start -2.1 -1.71) (end 2.1 -1.71) (layer F.SilkS) (width 0.12))
    (fp_line (start -2.1 1.71) (end 2.1 1.71) (layer F.SilkS) (width 0.12))
    (fp_line (start -3.84 1.95) (end -3.84 -1.95) (layer F.CrtYd) (width 0.05))
    (fp_line (start -3.84 -1.95) (end 3.84 -1.95) (layer F.CrtYd) (width 0.05))
    (fp_line (start 3.84 -1.95) (end 3.84 1.95) (layer F.CrtYd) (width 0.05))
    (fp_line (start 3.84 1.95) (end -3.84 1.95) (layer F.CrtYd) (width 0.05))
    (fp_text user %R (at 0 0 180) (layer F.Fab)
      (effects (font (size 1 1) (thickness 0.15)))
    )
    (pad 1 smd rect (at -3.005 0 180) (size 1.17 3.4) (layers F.Cu F.Paste F.Mask)
      (net 55 "Net-(R304-Pad1)"))
    (pad 2 smd rect (at 3.005 0 180) (size 1.17 3.4) (layers F.Cu F.Paste F.Mask)
      (net 54 DI4_1))
    (model ${KISYS3DMOD}/Resistor_SMD.3dshapes/R_2512_6332Metric.wrl
      (at (xyz 0 0 0))
      (scale (xyz 1 1 1))
      (rotate (xyz 0 0 0))
    )
  )

  (module Resistor_SMD:R_2512_6332Metric (layer F.Cu) (tedit 59FE48B8) (tstamp 5ACB5366)
    (at 81.164 26.01 180)
    (descr "Resistor SMD 2512 (6332 Metric), square (rectangular) end terminal, IPC_7351 nominal, (Body size source: http://www.tortai-tech.com/upload/download/2011102023233369053.pdf), generated with kicad-footprint-generator")
    (tags resistor)
    (path /59C2CAC5/59C2E3FC)
    (attr smd)
    (fp_text reference R307 (at 0 -2.85 180) (layer F.SilkS)
      (effects (font (size 1 1) (thickness 0.15)))
    )
    (fp_text value 1k (at 0 2.85 180) (layer F.Fab)
      (effects (font (size 1 1) (thickness 0.15)))
    )
    (fp_text user %R (at 0 0 180) (layer F.Fab)
      (effects (font (size 1 1) (thickness 0.15)))
    )
    (fp_line (start 3.84 1.95) (end -3.84 1.95) (layer F.CrtYd) (width 0.05))
    (fp_line (start 3.84 -1.95) (end 3.84 1.95) (layer F.CrtYd) (width 0.05))
    (fp_line (start -3.84 -1.95) (end 3.84 -1.95) (layer F.CrtYd) (width 0.05))
    (fp_line (start -3.84 1.95) (end -3.84 -1.95) (layer F.CrtYd) (width 0.05))
    (fp_line (start -2.1 1.71) (end 2.1 1.71) (layer F.SilkS) (width 0.12))
    (fp_line (start -2.1 -1.71) (end 2.1 -1.71) (layer F.SilkS) (width 0.12))
    (fp_line (start 3.15 1.6) (end -3.15 1.6) (layer F.Fab) (width 0.1))
    (fp_line (start 3.15 -1.6) (end 3.15 1.6) (layer F.Fab) (width 0.1))
    (fp_line (start -3.15 -1.6) (end 3.15 -1.6) (layer F.Fab) (width 0.1))
    (fp_line (start -3.15 1.6) (end -3.15 -1.6) (layer F.Fab) (width 0.1))
    (pad 2 smd rect (at 3.005 0 180) (size 1.17 3.4) (layers F.Cu F.Paste F.Mask)
      (net 46 DI7_1))
    (pad 1 smd rect (at -3.005 0 180) (size 1.17 3.4) (layers F.Cu F.Paste F.Mask)
      (net 47 "Net-(R307-Pad1)"))
    (model ${KISYS3DMOD}/Resistor_SMD.3dshapes/R_2512_6332Metric.wrl
      (at (xyz 0 0 0))
